多极旋变   象限   正反转   圆感应   象限   正反转   编码器   象限   正反转   启动电压   反电动势   力矩系数   堵转力矩   电机电流   滑行时间   转速   

0.0000   0   0   0.0000   0   0   0.0000   0   0   0   0   0   0   0   0   0   

0.0000   0   0   0.0000   0   0   0.0000   0   0   0   0   0   0   0   0   0   

0.0000   0   0   0.0000   0   0   0.0000   0   0   0   0   0   0   0   0   0   

0.0000   0   0   0.0000   0   0   0.0000   0   0   0   0   0   0   0   0   0   

0.0000   0   0   0.0000   0   0   0.0000   0   0   0   0   0   0   0   0   0   

0.0000   0   0   0.0000   0   0   0.0000   0   0   0   0   0   0   0   0   0   

0.0000   0   0   0.0000   0   0   0.0000   0   0   0   0   0   0   0   0   0   

0.0000   0   0   0.0000   0   0   0.0000   0   0   0   0   0   0   0   0   0   

0.0000   0   0   0.0000   0   0   0.0000   0   0   0   0   0   0   0   0   0   

0.0000   0   0   0.0000   0   0   0.0000   0   0   0   0   0   0   0   0   0   

0.0000   0   0   0.0000   0   0   0.0000   0   0   0   0   0   0   0   0   0   

0.0000   0   0   0.0000   0   0   0.0000   0   0   0   0   0   0   0   0   0   

0.0000   0   0   0.0000   0   0   0.0000   0   0   0   0   0   0   0   0   0   

0.0000   0   0   0.0000   0   0   0.0000   0   0   0   0   0   0   0   0   0   

0.0000   0   0   0.0000   0   0   0.0000   0   0   0   0   0   0   0   0   0   

0.0000   0   0   0.0000   0   0   0.0000   0   0   0   0   0   0   0   0   0   
多极旋变   象限   正反转   圆感应   象限   正反转   编码器   象限   正反转   启动电压   反电动势   力矩系数   堵转力矩   电机电流   滑行时间   转速   
多极旋变   象限   正反转   圆感应   象限   正反转   编码器   象限   正反转   启动电压   反电动势   力矩系数   堵转力矩   电机电流   滑行时间   转速   
多极旋变   象限   正反转   圆感应   象限   正反转   编码器   象限   正反转   启动电压   反电动势   力矩系数   堵转力矩   电机电流   滑行时间   转速   
多极旋变   象限   正反转   圆感应   象限   正反转   编码器   象限   正反转   启动电压   反电动势   力矩系数   堵转力矩   电机电流   滑行时间   转速   
多极旋变   象限   正反转   圆感应   象限   正反转   编码器   象限   正反转   启动电压   反电动势   力矩系数   堵转力矩   电机电流   滑行时间   转速   
多极旋变   象限   正反转   圆感应   象限   正反转   编码器   象限   正反转   启动电压   反电动势   力矩系数   堵转力矩   电机电流   滑行时间   转速   
多极旋变   象限   正反转   圆感应   象限   正反转   编码器   象限   正反转   启动电压   反电动势   力矩系数   堵转力矩   电机电流   滑行时间   转速   





2017年03月08日
14:27:37
星期三
多极旋变   象限   正反转   圆感应   象限   正反转   编码器   象限   正反转   启动电压   反电动势   力矩系数   堵转力矩   电机电流   滑行时间   转速   
多极旋变   象限   正反转   圆感应   象限   正反转   编码器   象限   正反转   启动电压   反电动势   力矩系数   堵转力矩   电机电流   滑行时间   转速   





2017年03月09日
16:05:18
星期四
多极旋变   象限   正反转   圆感应   象限   正反转   编码器   象限   正反转   启动电压   反电动势   力矩系数   堵转力矩   电机电流   滑行时间   转速   





2017年03月09日
16:11:31
星期四
多极旋变   象限   正反转   圆感应   象限   正反转   编码器   象限   正反转   启动电压   反电动势   力矩系数   堵转力矩   电机电流   滑行时间   转速   





2017年03月09日
16:17:46
星期四
多极旋变   象限   正反转   圆感应   象限   正反转   编码器   象限   正反转   启动电压   反电动势   力矩系数   堵转力矩   电机电流   滑行时间   转速   

0.0000   0   0   0.0000   0   0   0.0000   0   0   0   0   0   0   0   0   0   

0.0000   0   0   0.0000   0   0   0.0000   0   0   0   0   0   0   0   0   0   

0.0000   0   0   0.0000   0   0   0.0000   0   0   0   0   0   0   0   0   0   

0.0000   0   0   0.0000   0   0   0.0000   0   0   0   0   0   0   0   0   0   

0.0000   0   0   0.0000   0   0   0.0000   0   0   0   0   0   0   0   0   0   

0.0000   0   0   0.0000   0   0   0.0000   0   0   0   0   0   0   0   0   0   

0.0000   0   0   0.0000   0   0   0.0000   0   0   0   0   0   0   0   0   0   

0.0000   0   0   0.0000   0   0   0.0000   0   0   0   0   0   0   0   0   0   

0.0000   0   0   0.0000   0   0   0.0000   0   0   0   0   0   0   0   0   0   

0.0000   0   0   0.0000   0   0   0.0000   0   0   0   0   0   0   0   0   0   

0.0000   0   0   0.0000   0   0   0.0000   0   0   0   0   0   0   0   0   0   

0.0000   0   0   0.0000   0   0   0.0000   0   0   0   0   0   0   0   0   0   

0.0000   0   0   0.0000   0   0   0.0000   0   0   0   0   0   0   0   0   0   

0.0000   0   0   0.0000   0   0   0.0000   0   0   0   0   0   0   0   0   0   

0.0000   0   0   0.0000   0   0   0.0000   0   0   0   0   0   0   0   0   0   

0.0000   0   0   0.0000   0   0   0.0000   0   0   0   0   0   0   0   0   0   

0.0000   0   0   0.0000   0   0   0.0000   0   0   0   0   0   0   0   0   0   

0.0000   0   0   0.0000   0   0   0.0000   0   0   0   0   0   0   0   0   0   

0.0000   0   0   0.0000   0   0   0.0000   0   0   0   0   0   0   0   0   0   

0.0000   0   0   0.0000   0   0   0.0000   0   0   0   0   0   0   0   0   0   

0.0000   0   0   0.0000   0   0   0.0000   0   0   0   0   0   0   0   0   0   

0.0000   0   0   0.0000   0   0   0.0000   0   0   0   0   0   0   0   0   0   

0.0000   0   0   0.0000   0   0   0.0000   0   0   0   0   0   0   0   0   0   

0.0000   0   0   0.0000   0   0   0.0000   0   0   0   0   0   0   0   0   0   

0.0000   0   0   0.0000   0   0   0.0000   0   0   0   0   0   0   0   0   0   

0.0000   0   0   0.0000   0   0   0.0000   0   0   0   0   0   0   0   0   0   

0.0000   0   0   0.0000   0   0   0.0000   0   0   0   0   0   0   0   0   0   

0.0000   0   0   0.0000   0   0   0.0000   0   0   0   0   0   0   0   0   0   

0.0000   0   0   0.0000   0   0   0.0000   0   0   0   0   0   0   0   0   0   

0.0000   0   0   0.0000   0   0   0.0000   0   0   0   0   0   0   0   0   0   

0.0000   0   0   0.0000   0   0   0.0000   0   0   0   0   0   0   0   0   0   

0.0000   0   0   0.0000   0   0   0.0000   0   0   0   0   0   0   0   0   0   

0.0000   0   0   0.0000   0   0   0.0000   0   0   0   0   0   0   0   0   0   

0.0000   0   0   0.0000   0   0   0.0000   0   0   0   0   0   0   0   0   0   

0.0000   0   0   0.0000   0   0   0.0000   0   0   0   0   0   0   0   0   0   

0.0000   0   0   0.0000   0   0   0.0000   0   0   0   0   0   0   0   0   0   

0.0000   0   0   0.0000   0   0   0.0000   0   0   0   0   0   0   0   0   0   

0.0000   0   0   0.0000   0   0   0.0000   0   0   0   0   0   0   0   0   0   

0.0000   0   0   0.0000   0   0   0.0000   0   0   0   0   0   0   0   0   0   

0.0000   0   0   0.0000   0   0   0.0000   0   0   0   0   0   0   0   0   0   

0.0000   0   0   0.0000   0   0   0.0000   0   0   0   0   0   0   0   0   0   

0.0000   0   0   0.0000   0   0   0.0000   0   0   0   0   0   0   0   0   0   

0.0000   0   0   0.0000   0   0   0.0000   0   0   0   0   0   0   0   0   0   

0.0000   0   0   0.0000   0   0   0.0000   0   0   0   0   0   0   0   0   0   

0.0000   0   0   0.0000   0   0   0.0000   0   0   0   0   0   0   0   0   0   

0.0000   0   0   0.0000   0   0   0.0000   0   0   0   0   0   0   0   0   0   

0.0000   0   0   0.0000   0   0   0.0000   0   0   0   0   0   0   0   0   0   

0.0000   0   0   0.0000   0   0   0.0000   0   0   0   0   0   0   0   0   0   

0.0000   0   0   0.0000   0   0   0.0000   0   0   0   0   0   0   0   0   0   

0.0000   0   0   0.0000   0   0   0.0000   0   0   0   0   0   0   0   0   0   

0.0000   0   0   0.0000   0   0   0.0000   0   0   0   0   0   0   0   0   0   

0.0000   0   0   0.0000   0   0   0.0000   0   0   0   0   0   0   0   0   0   

0.0000   0   0   0.0000   0   0   0.0000   0   0   0   0   0   0   0   0   0   

0.0000   0   0   0.0000   0   0   0.0000   0   0   0   0   0   0   0   0   0   

0.0000   0   0   0.0000   0   0   0.0000   0   0   0   0   0   0   0   0   0   

0.0000   0   0   0.0000   0   0   0.0000   0   0   0   0   0   0   0   0   0   

0.0000   0   0   0.0000   0   0   0.0000   0   0   0   0   0   0   0   0   0   

0.0000   0   0   0.0000   0   0   0.0000   0   0   0   0   0   0   0   0   0   

0.0000   0   0   0.0000   0   0   0.0000   0   0   0   0   0   0   0   0   0   

0.0000   0   0   0.0000   0   0   0.0000   0   0   0   0   0   0   0   0   0   

0.0000   0   0   0.0000   0   0   0.0000   0   0   0   0   0   0   0   0   0   

0.0000   0   0   0.0000   0   0   0.0000   0   0   0   0   0   0   0   0   0   

0.0000   0   0   0.0000   0   0   0.0000   0   0   0   0   0   0   0   0   0   

0.0000   0   0   0.0000   0   0   0.0000   0   0   0   0   0   0   0   0   0   

0.0000   0   0   0.0000   0   0   0.0000   0   0   0   0   0   0   0   0   0   

0.0000   0   0   0.0000   0   0   0.0000   0   0   0   0   0   0   0   0   0   

0.0000   0   0   0.0000   0   0   0.0000   0   0   0   0   0   0   0   0   0   

0.0000   0   0   0.0000   0   0   0.0000   0   0   0   0   0   0   0   0   0   

0.0000   0   0   0.0000   0   0   0.0000   0   0   0   0   0   0   0   0   0   

0.0000   0   0   0.0000   0   0   0.0000   0   0   0   0   0   0   0   0   0   

0.0000   0   0   0.0000   0   0   0.0000   0   0   0   0   0   0   0   0   0   

0.0000   0   0   0.0000   0   0   0.0000   0   0   0   0   0   0   0   0   0   

0.0000   0   0   0.0000   0   0   0.0000   0   0   0   0   0   0   0   0   0   

0.0000   0   0   0.0000   0   0   0.0000   0   0   0   0   0   0   0   0   0   

0.0000   0   0   0.0000   0   0   0.0000   0   0   0   0   0   0   0   0   0   

0.0000   0   0   0.0000   0   0   0.0000   0   0   0   0   0   0   0   0   0   

0.0000   0   0   0.0000   0   0   0.0000   0   0   0   0   0   0   0   0   0   

0.0000   0   0   0.0000   0   0   0.0000   0   0   0   0   0   0   0   0   0   

0.0000   0   0   0.0000   0   0   0.0000   0   0   0   0   0   0   0   0   0   

0.0000   0   0   0.0000   0   0   0.0000   0   0   0   0   0   0   0   0   0   

0.0000   0   0   0.0000   0   0   0.0000   0   0   0   0   0   0   0   0   0   

0.0000   0   0   0.0000   0   0   0.0000   0   0   0   0   0   0   0   0   0   

0.0000   0   0   0.0000   0   0   0.0000   0   0   0   0   0   0   0   0   0   

0.0000   0   0   0.0000   0   0   0.0000   0   0   0   0   0   0   0   0   0   

0.0000   0   0   0.0000   0   0   0.0000   0   0   0   0   0   0   0   0   0   

0.0000   0   0   0.0000   0   0   0.0000   0   0   0   0   0   0   0   0   0   

0.0000   0   0   0.0000   0   0   0.0000   0   0   0   0   0   0   0   0   0   

0.0000   0   0   0.0000   0   0   0.0000   0   0   0   0   0   0   0   0   0   

0.0000   0   0   0.0000   0   0   0.0000   0   0   0   0   0   0   0   0   0   

0.0000   0   0   0.0000   0   0   0.0000   0   0   0   0   0   0   0   0   0   

0.0000   0   0   0.0000   0   0   0.0000   0   0   0   0   0   0   0   0   0   

0.0000   0   0   0.0000   0   0   0.0000   0   0   0   0   0   0   0   0   0   

0.0000   0   0   0.0000   0   0   0.0000   0   0   0   0   0   0   0   0   0   

0.0000   0   0   0.0000   0   0   0.0000   0   0   0   0   0   0   0   0   0   

0.0000   0   0   0.0000   0   0   0.0000   0   0   0   0   0   0   0   0   0   

0.0000   0   0   0.0000   0   0   0.0000   0   0   0   0   0   0   0   0   0   

0.0000   0   0   0.0000   0   0   0.0000   0   0   0   0   0   0   0   0   0   

0.0000   0   0   0.0000   0   0   0.0000   0   0   0   0   0   0   0   0   0   

0.0000   0   0   0.0000   0   0   0.0000   0   0   0   0   0   0   0   0   0   

0.0000   0   0   0.0000   0   0   0.0000   0   0   0   0   0   0   0   0   0   

0.0000   0   0   0.0000   0   0   0.0000   0   0   0   0   0   0   0   0   0   

0.0000   0   0   0.0000   0   0   0.0000   0   0   0   0   0   0   0   0   0   

0.0000   0   0   0.0000   0   0   0.0000   0   0   0   0   0   0   0   0   0   

0.0000   0   0   0.0000   0   0   0.0000   0   0   0   0   0   0   0   0   0   





2017年03月13日
19:57:58
星期一
多极旋变   象限   正反转   圆感应   象限   正反转   编码器   象限   正反转   启动电压   反电动势   力矩系数   堵转力矩   电机电流   滑行时间   转速   





2017年03月13日
19:58:11
星期一
多极旋变   象限   正反转   圆感应   象限   正反转   编码器   象限   正反转   启动电压   反电动势   力矩系数   堵转力矩   电机电流   滑行时间   转速   





2017年03月20日
18:56:42
星期一
多极旋变   象限   正反转   圆感应   象限   正反转   编码器   象限   正反转   启动电压   反电动势   力矩系数   堵转力矩   电机电流   滑行时间   转速   





2016年07月31日
10:10:14
星期日
多极旋变   象限   正反转   圆感应   象限   正反转   编码器   象限   正反转   启动电压   反电动势   力矩系数   堵转力矩   电机电流   滑行时间   转速   





2016年07月31日
16:23:25
星期日
多极旋变   象限   正反转   圆感应   象限   正反转   编码器   象限   正反转   启动电压   反电动势   力矩系数   堵转力矩   电机电流   滑行时间   转速   





2016年07月31日
17:07:16
星期日
多极旋变   象限   正反转   圆感应   象限   正反转   编码器   象限   正反转   启动电压   反电动势   力矩系数   堵转力矩   电机电流   滑行时间   转速   
