多极旋变   象限   正反转   圆感应   象限   正反转   编码器   象限   正反转   力矩系数   启动电压   反电动势   滑行时间   堵转力矩   电机电流   
多极旋变   象限   正反转   圆感应   象限   正反转   编码器   象限   正反转   力矩系数   启动电压   反电动势   滑行时间   堵转力矩   电机电流   
多极旋变   象限   正反转   圆感应   象限   正反转   编码器   象限   正反转   力矩系数   启动电压   反电动势   滑行时间   堵转力矩   电机电流   
电机/圆感应   象限   正反转   圆感应   象限   正反转   编码器   象限   正反转   力矩系数   启动电压   反电动势   滑行时间   堵转力矩   电机电流   

096.9696   1   +   172.7296   2   +   120.2072   3   +   141.200970   4.042230   0.060567   0.738914   

096.9696   1   +   172.7296   2   +   120.2072   3   +   141.200970   4.042230   0.060567   0.738914   

096.9696   1   +   172.7296   2   +   120.2072   3   +   141.200970   4.042230   0.060567   0.738914   

096.9696   1   +   172.7296   2   +   120.2072   3   +   141.200970   4.042230   0.060567   0.738914   

096.9696   1   +   172.7296   2   +   120.2072   3   +   141.200970   4.042230   0.060567   0.738914   

096.9696   1   +   172.7296   2   +   120.2072   3   +   141.200970   4.042230   0.060567   0.738914   

096.9696   1   +   172.7296   2   +   120.2072   3   +   141.200970   4.042230   0.060567   0.738914   

096.9696   1   +   172.7296   2   +   120.2072   3   +   141.200970   4.042230   0.060567   0.738914   

096.9696   1   +   172.7296   2   +   120.2072   3   +   141.200970   4.042230   0.060567   0.738914   

096.9696   1   +   172.7296   2   +   120.2072   3   +   141.200970   4.042230   0.060567   0.738914   

096.9696   1   +   172.7296   2   +   120.2072   3   +   141.200970   4.042230   0.060567   0.738914   

096.9696   1   +   172.7296   2   +   120.2072   3   +   141.200970   4.042230   0.060567   0.738914   

096.9696   1   +   172.7296   2   +   120.2072   3   +   141.200970   4.042230   0.060567   0.738914   

096.9696   1   +   172.7296   2   +   120.2072   3   +   141.200970   4.042230   0.060567   0.738914   

096.9696   1   +   172.7296   2   +   120.2072   3   +   141.200970   4.042230   0.060567   0.738914   

096.9696   1   +   172.7296   2   +   120.2072   3   +   141.200970   4.042230   0.060567   0.738914   

096.9696   1   +   172.7296   2   +   120.2072   3   +   141.200970   4.042230   0.060567   0.738914   

096.9696   1   +   172.7296   2   +   120.2072   3   +   141.200970   4.042230   0.060567   0.738914   

099.9999   1   +   178.7899   2   +   180.8078   3   +   141.200970   7.645830   0.076374   0.931765   

099.9999   1   +   178.7899   2   +   180.8078   3   +   141.200970   7.645830   0.076374   0.931765   

099.9999   1   +   178.7899   2   +   180.8078   3   +   141.200970   7.645830   0.076374   0.931765   

099.9999   1   +   178.7899   2   +   180.8078   3   +   141.200970   7.645830   0.076374   0.931765   

099.9999   1   +   178.7899   2   +   180.8078   3   +   141.200970   7.645830   0.076374   0.931765   

099.9999   1   +   178.7899   2   +   180.8078   3   +   141.200970   7.645830   0.076374   0.931765   

099.9999   1   +   178.7899   2   +   180.8078   3   +   141.200970   7.645830   0.076374   0.931765   

099.9999   1   +   178.7899   2   +   180.8078   3   +   141.200970   7.645830   0.076374   0.931765   

099.9999   1   +   178.7899   2   +   180.8078   3   +   141.200970   7.645830   0.076374   0.931765   

099.9999   1   +   178.7899   2   +   180.8078   3   +   141.200970   7.645830   0.076374   0.931765   

099.9999   1   +   178.7899   2   +   180.8078   3   +   141.200970   7.645830   0.076374   0.931765   

099.9999   1   +   178.7899   2   +   180.8078   3   +   141.200970   7.645830   0.076374   0.931765   

099.9999   1   +   178.7899   2   +   180.8078   3   +   141.200970   7.645830   0.076374   0.931765   

099.9999   1   +   178.7899   2   +   180.8078   3   +   141.200970   7.645830   0.076374   0.931765   

099.9999   1   +   178.7899   2   +   180.8078   3   +   141.200970   7.645830   0.076374   0.931765   

099.9999   1   +   178.7899   2   +   180.8078   3   +   141.200970   7.645830   0.076374   0.931765   

099.9999   1   +   178.7899   2   +   180.8078   3   +   141.200970   7.645830   0.076374   0.931765   

099.9999   1   +   178.7899   2   +   180.8078   3   +   141.200970   7.645830   0.076374   0.931765   

099.9999   1   +   178.7899   2   +   180.8078   3   +   141.200970   7.645830   0.076374   0.931765   

099.9999   1   +   178.7899   2   +   180.8078   3   +   141.200970   7.645830   0.076374   0.931765   

099.9999   1   +   178.7899   2   +   180.8078   3   +   141.200970   7.645830   0.076374   0.931765   

099.9999   1   +   178.7899   2   +   180.8078   3   +   141.200970   7.645830   0.076374   0.931765   

099.9999   1   +   178.7899   2   +   180.8078   3   +   141.200970   7.645830   0.076374   0.931765   

099.9999   1   +   178.7899   2   +   180.8078   3   +   141.200970   7.645830   0.076374   0.931765   

099.9999   1   +   178.7899   2   +   180.8078   3   +   141.200970   7.645830   0.076374   0.931765   

102.0202   1   +   184.8402   2   +   240.4084   3   +   141.212538   5.237862   0.039241   0.478737   

102.0202   1   +   184.8402   2   +   240.4084   3   +   141.212538   5.237862   0.039241   0.478737   

102.0202   1   +   184.8402   2   +   240.4084   3   +   141.212538   5.237862   0.039241   0.478737   

102.0202   1   +   184.8402   2   +   240.4084   3   +   141.212538   5.237862   0.039241   0.478737   

102.0202   1   +   184.8402   2   +   240.4084   3   +   141.212538   5.237862   0.039241   0.478737   

102.0202   1   +   184.8402   2   +   240.4084   3   +   141.212538   5.237862   0.039241   0.478737   

102.0202   1   +   184.8402   2   +   240.4084   3   +   141.212538   5.237862   0.039241   0.478737   

102.0202   1   +   184.8402   2   +   240.4084   3   +   141.212538   5.237862   0.039241   0.478737   

102.0202   1   +   184.8402   2   +   240.4084   3   +   141.212538   5.237862   0.039241   0.478737   

104.0404   1   +   188.8804   2   +   280.8088   3   +   141.212538   5.237862   0.039241   0.478737   

104.0404   1   +   188.8804   2   +   280.8088   3   +   141.212538   5.237862   0.039241   0.478737   

104.0404   1   +   188.8804   2   +   280.8088   3   +   141.212538   5.237862   0.039241   0.478737   

104.0404   1   +   188.8804   2   +   280.8088   3   +   141.212538   5.237862   0.039241   0.478737   

104.0404   1   +   188.8804   2   +   280.8088   3   +   141.212538   5.237862   0.039241   0.478737   

104.0404   1   +   188.8804   2   +   280.8088   3   +   141.212538   5.237862   0.039241   0.478737   

104.0404   1   +   188.8804   2   +   280.8088   3   +   141.212538   5.237862   0.039241   0.478737   

104.0404   1   +   188.8804   2   +   280.8088   3   +   141.212538   5.237862   0.039241   0.478737   

104.0404   1   +   188.8804   2   +   280.8088   3   +   141.212538   5.237862   0.039241   0.478737   

104.0404   1   +   188.8804   2   +   280.8088   3   +   141.212538   5.237862   0.039241   0.478737   

104.0404   1   +   188.8804   2   +   280.8088   3   +   141.212538   5.237862   0.039241   0.478737   

104.0404   1   +   188.8804   2   +   280.8088   3   +   141.212538   5.237862   0.039241   0.478737   

105.0505   1   +   190.9005   2   +   300.0090   3   +   141.224105   2.829895   0.016961   0.206920   

105.0505   1   +   190.9005   2   +   300.0090   3   +   141.224105   2.829895   0.016961   0.206920   

105.0505   1   +   190.9005   2   +   300.0090   3   +   141.224105   2.829895   0.016961   0.206920   

105.0505   1   +   190.9005   2   +   300.0090   3   +   141.224105   2.829895   0.016961   0.206920   

105.0505   1   +   190.9005   2   +   300.0090   3   +   141.224105   2.829895   0.016961   0.206920   

105.0505   1   +   190.9005   2   +   300.0090   3   +   141.224105   2.829895   0.016961   0.206920   

105.0505   1   +   190.9005   2   +   300.0090   3   +   141.224105   2.829895   0.016961   0.206920   

105.0505   1   +   190.9005   2   +   300.0090   3   +   141.224105   2.829895   0.016961   0.206920   

105.0505   1   +   190.9005   2   +   300.0090   3   +   141.224105   2.829895   0.016961   0.206920   

105.0505   1   +   190.9005   2   +   300.0090   3   +   141.224105   2.829895   0.016961   0.206920   

105.0505   1   +   190.9005   2   +   300.0090   3   +   141.224105   2.829895   0.016961   0.206920   

105.0505   1   +   190.9005   2   +   300.0090   3   +   141.224105   2.829895   0.016961   0.206920   

107.0707   1   +   194.9407   2   +   340.4094   3   +   141.224105   2.829895   0.016961   0.206920   

107.0707   1   +   194.9407   2   +   340.4094   3   +   141.224105   2.829895   0.016961   0.206920   

107.0707   1   +   194.9407   2   +   340.4094   3   +   141.224105   2.829895   0.016961   0.206920   

107.0707   1   +   194.9407   2   +   340.4094   3   +   141.224105   2.829895   0.016961   0.206920   

107.0707   1   +   194.9407   2   +   340.4094   3   +   141.224105   2.829895   0.016961   0.206920   

107.0707   1   +   194.9407   2   +   340.4094   3   +   141.224105   2.829895   0.016961   0.206920   

107.0707   1   +   194.9407   2   +   340.4094   3   +   141.224105   2.829895   0.016961   0.206920   

107.0707   1   +   194.9407   2   +   340.4094   3   +   141.224105   2.829895   0.016961   0.206920   

107.0707   1   +   194.9407   2   +   340.4094   3   +   141.224105   2.829895   0.016961   0.206920   

107.0707   1   +   194.9407   2   +   340.4094   3   +   141.224105   2.829895   0.016961   0.206920   

107.0707   1   +   194.9407   2   +   340.4094   3   +   141.224105   2.829895   0.016961   0.206920   

107.0707   1   +   194.9407   2   +   340.4094   3   +   141.224105   2.829895   0.016961   0.206920   

107.0707   1   +   194.9407   2   +   340.4094   3   +   141.224105   2.829895   0.016961   0.206920   

107.0707   1   +   194.9407   2   +   340.4094   3   +   141.224105   2.829895   0.016961   0.206920   

107.0707   1   +   194.9407   2   +   340.4094   3   +   141.224105   2.829895   0.016961   0.206920   

107.0707   1   +   194.9407   2   +   340.4094   3   +   141.224105   2.829895   0.016961   0.206920   

107.0707   1   +   194.9407   2   +   340.4094   3   +   141.224105   2.829895   0.016961   0.206920   

107.0707   1   +   194.9407   2   +   340.4094   3   +   141.224105   2.829895   0.016961   0.206920   

107.0707   1   +   194.9407   2   +   340.4094   3   +   141.224105   2.829895   0.016961   0.206920   

107.0707   1   +   194.9407   2   +   340.4094   3   +   141.224105   2.829895   0.016961   0.206920   

107.0707   1   +   194.9407   2   +   340.4094   3   +   141.224105   2.829895   0.016961   0.206920   

107.0707   1   +   194.9407   2   +   340.4094   3   +   141.224105   2.829895   0.016961   0.206920   

107.0707   1   +   194.9407   2   +   340.4094   3   +   141.224105   2.829895   0.016961   0.206920   

107.0707   1   +   194.9407   2   +   340.4094   3   +   141.224105   2.829895   0.016961   0.206920   

110.1010   1   +   200.0010   2   +   000.0000   3   +   141.161642   3.820918   0.017175   0.209538   

110.1010   1   +   200.0010   2   +   000.0000   3   +   141.161642   3.820918   0.017175   0.209538   

110.1010   1   +   200.0010   2   +   000.0000   3   +   141.161642   3.820918   0.017175   0.209538   

110.1010   1   +   200.0010   2   +   000.0000   3   +   141.161642   3.820918   0.017175   0.209538   

110.1010   1   +   200.0010   2   +   000.0000   3   +   141.161642   3.820918   0.017175   0.209538   

110.1010   1   +   200.0010   2   +   000.0000   3   +   141.161642   3.820918   0.017175   0.209538   

110.1010   1   +   200.0010   2   +   000.0000   3   +   141.161642   3.820918   0.017175   0.209538   

110.1010   1   +   200.0010   2   +   000.0000   3   +   141.161642   3.820918   0.017175   0.209538   

110.1010   1   +   200.0010   2   +   000.0000   3   +   141.161642   3.820918   0.017175   0.209538   

110.1010   1   +   200.0010   2   +   000.0000   3   +   141.161642   3.820918   0.017175   0.209538   

110.1010   1   +   200.0010   2   +   000.0000   3   +   141.161642   3.820918   0.017175   0.209538   

110.1010   1   +   200.0010   2   +   000.0000   3   +   141.161642   3.820918   0.017175   0.209538   

110.1010   1   +   200.0010   2   +   000.0000   3   +   141.161642   3.820918   0.017175   0.209538   

110.1010   1   +   200.0010   2   +   000.0000   3   +   141.161642   3.820918   0.017175   0.209538   

110.1010   1   +   200.0010   2   +   000.0000   3   +   141.161642   3.820918   0.017175   0.209538   

110.1010   1   +   200.0010   2   +   000.0000   3   +   141.161642   3.820918   0.017175   0.209538   

110.1010   1   +   200.0010   2   +   000.0000   3   +   141.161642   3.820918   0.017175   0.209538   

110.1010   1   +   200.0010   2   +   000.0000   3   +   141.161642   3.820918   0.017175   0.209538   

110.1010   1   +   200.0010   2   +   000.0000   3   +   141.161642   3.820918   0.017175   0.209538   

110.1010   1   +   200.0010   2   +   000.0000   3   +   141.161642   3.820918   0.017175   0.209538   

110.1010   1   +   200.0010   2   +   000.0000   3   +   141.161642   3.820918   0.017175   0.209538   

110.1010   1   +   200.0010   2   +   000.0000   3   +   141.161642   3.820918   0.017175   0.209538   

110.1010   1   +   200.0010   2   +   000.0000   3   +   141.161642   3.820918   0.017175   0.209538   

110.1010   1   +   200.0010   2   +   000.0000   3   +   141.161642   3.820918   0.017175   0.209538   

113.1313   1   +   206.0613   2   +   060.6006   3   +   141.120000   6.123240   0.023934   0.291997   

113.1313   1   +   206.0613   2   +   060.6006   3   +   141.120000   6.123240   0.023934   0.291997   

113.1313   1   +   206.0613   2   +   060.6006   3   +   141.120000   6.123240   0.023934   0.291997   

113.1313   1   +   206.0613   2   +   060.6006   3   +   141.120000   6.123240   0.023934   0.291997   

113.1313   1   +   206.0613   2   +   060.6006   3   +   141.120000   6.123240   0.023934   0.291997   

113.1313   1   +   206.0613   2   +   060.6006   3   +   141.120000   6.123240   0.023934   0.291997   

113.1313   1   +   206.0613   2   +   060.6006   3   +   141.120000   6.123240   0.023934   0.291997   

113.1313   1   +   206.0613   2   +   060.6006   3   +   141.120000   6.123240   0.023934   0.291997   

113.1313   1   +   206.0613   2   +   060.6006   3   +   141.120000   6.123240   0.023934   0.291997   

113.1313   1   +   206.0613   2   +   060.6006   3   +   141.120000   6.123240   0.023934   0.291997   

113.1313   1   +   206.0613   2   +   060.6006   3   +   141.120000   6.123240   0.023934   0.291997   

113.1313   1   +   206.0613   2   +   060.6006   3   +   141.120000   6.123240   0.023934   0.291997   

113.1313   1   +   206.0613   2   +   060.6006   3   +   141.120000   6.123240   0.023934   0.291997   

113.1313   1   +   206.0613   2   +   060.6006   3   +   141.120000   6.123240   0.023934   0.291997   

113.1313   1   +   206.0613   2   +   060.6006   3   +   141.120000   6.123240   0.023934   0.291997   

113.1313   1   +   206.0613   2   +   060.6006   3   +   141.120000   6.123240   0.023934   0.291997   

113.1313   1   +   206.0613   2   +   060.6006   3   +   141.120000   6.123240   0.023934   0.291997   

113.1313   1   +   206.0613   2   +   060.6006   3   +   141.120000   6.123240   0.023934   0.291997   

113.1313   1   +   206.0613   2   +   060.6006   3   +   141.120000   6.123240   0.023934   0.291997   

113.1313   1   +   206.0613   2   +   060.6006   3   +   141.120000   6.123240   0.023934   0.291997   

113.1313   1   +   206.0613   2   +   060.6006   3   +   141.120000   6.123240   0.023934   0.291997   

113.1313   1   +   206.0613   2   +   060.6006   3   +   141.120000   6.123240   0.023934   0.291997   

113.1313   1   +   206.0613   2   +   060.6006   3   +   141.120000   6.123240   0.023934   0.291997   

113.1313   1   +   206.0613   2   +   060.6006   3   +   141.120000   6.123240   0.023934   0.291997   

116.1616   1   +   212.1216   2   +   120.2012   3   +   141.130410   4.316430   0.014925   0.182086   

116.1616   1   +   212.1216   2   +   120.2012   3   +   141.130410   4.316430   0.014925   0.182086   

116.1616   1   +   212.1216   2   +   120.2012   3   +   141.130410   4.316430   0.014925   0.182086   

116.1616   1   +   212.1216   2   +   120.2012   3   +   141.130410   4.316430   0.014925   0.182086   

116.1616   1   +   212.1216   2   +   120.2012   3   +   141.130410   4.316430   0.014925   0.182086   

116.1616   1   +   212.1216   2   +   120.2012   3   +   141.130410   4.316430   0.014925   0.182086   

116.1616   1   +   212.1216   2   +   120.2012   3   +   141.130410   4.316430   0.014925   0.182086   

116.1616   1   +   212.1216   2   +   120.2012   3   +   141.130410   4.316430   0.014925   0.182086   

116.1616   1   +   212.1216   2   +   120.2012   3   +   141.130410   4.316430   0.014925   0.182086   

116.1616   1   +   212.1216   2   +   120.2012   3   +   141.130410   4.316430   0.014925   0.182086   

116.1616   1   +   212.1216   2   +   120.2012   3   +   141.130410   4.316430   0.014925   0.182086   

116.1616   1   +   212.1216   2   +   120.2012   3   +   141.130410   4.316430   0.014925   0.182086   

116.1616   1   +   212.1216   2   +   120.2012   3   +   141.130410   4.316430   0.014925   0.182086   

116.1616   1   +   212.1216   2   +   120.2012   3   +   141.130410   4.316430   0.014925   0.182086   

116.1616   1   +   212.1216   2   +   120.2012   3   +   141.130410   4.316430   0.014925   0.182086   

116.1616   1   +   212.1216   2   +   120.2012   3   +   141.130410   4.316430   0.014925   0.182086   

116.1616   1   +   212.1216   2   +   120.2012   3   +   141.130410   4.316430   0.014925   0.182086   

116.1616   1   +   212.1216   2   +   120.2012   3   +   141.130410   4.316430   0.014925   0.182086   

116.1616   1   +   212.1216   2   +   120.2012   3   +   141.130410   4.316430   0.014925   0.182086   

116.1616   1   +   212.1216   2   +   120.2012   3   +   141.130410   4.316430   0.014925   0.182086   

116.1616   1   +   212.1216   2   +   120.2012   3   +   141.130410   4.316430   0.014925   0.182086   

119.1919   1   +   218.1819   2   +   180.8018   3   +   141.131567   7.679233   0.023806   0.290432   

119.1919   1   +   218.1819   2   +   180.8018   3   +   141.131567   7.679233   0.023806   0.290432   

119.1919   1   +   218.1819   2   +   180.8018   3   +   141.131567   7.679233   0.023806   0.290432   

119.1919   1   +   218.1819   2   +   180.8018   3   +   141.131567   7.679233   0.023806   0.290432   

119.1919   1   +   218.1819   2   +   180.8018   3   +   141.131567   7.679233   0.023806   0.290432   

119.1919   1   +   218.1819   2   +   180.8018   3   +   141.131567   7.679233   0.023806   0.290432   

119.1919   1   +   218.1819   2   +   180.8018   3   +   141.131567   7.679233   0.023806   0.290432   

119.1919   1   +   218.1819   2   +   180.8018   3   +   141.131567   7.679233   0.023806   0.290432   

119.1919   1   +   218.1819   2   +   180.8018   3   +   141.131567   7.679233   0.023806   0.290432   

119.1919   1   +   218.1819   2   +   180.8018   3   +   141.131567   7.679233   0.023806   0.290432   

119.1919   1   +   218.1819   2   +   180.8018   3   +   141.131567   7.679233   0.023806   0.290432   

119.1919   1   +   218.1819   2   +   180.8018   3   +   141.131567   7.679233   0.023806   0.290432   

119.1919   1   +   218.1819   2   +   180.8018   3   +   141.131567   7.679233   0.023806   0.290432   

119.1919   1   +   218.1819   2   +   180.8018   3   +   141.131567   7.679233   0.023806   0.290432   

119.1919   1   +   218.1819   2   +   180.8018   3   +   141.131567   7.679233   0.023806   0.290432   

119.1919   1   +   218.1819   2   +   180.8018   3   +   141.131567   7.679233   0.023806   0.290432   

119.1919   1   +   218.1819   2   +   180.8018   3   +   141.131567   7.679233   0.023806   0.290432   

119.1919   1   +   218.1819   2   +   180.8018   3   +   141.131567   7.679233   0.023806   0.290432   

119.1919   1   +   218.1819   2   +   180.8018   3   +   141.131567   7.679233   0.023806   0.290432   

119.1919   1   +   218.1819   2   +   180.8018   3   +   141.131567   7.679233   0.023806   0.290432   

119.1919   1   +   218.1819   2   +   180.8018   3   +   141.131567   7.679233   0.023806   0.290432   

119.1919   1   +   218.1819   2   +   180.8018   3   +   141.131567   7.679233   0.023806   0.290432   

119.1919   1   +   218.1819   2   +   180.8018   3   +   141.131567   7.679233   0.023806   0.290432   

119.1919   1   +   218.1819   2   +   180.8018   3   +   141.131567   7.679233   0.023806   0.290432   

122.2222   1   +   224.2422   2   +   240.4024   3   +   141.143134   5.271266   0.014809   0.180671   

122.2222   1   +   224.2422   2   +   240.4024   3   +   141.143134   5.271266   0.014809   0.180671   

122.2222   1   +   224.2422   2   +   240.4024   3   +   141.143134   5.271266   0.014809   0.180671   

122.2222   1   +   224.2422   2   +   240.4024   3   +   141.143134   5.271266   0.014809   0.180671   

122.2222   1   +   224.2422   2   +   240.4024   3   +   141.143134   5.271266   0.014809   0.180671   

122.2222   1   +   224.2422   2   +   240.4024   3   +   141.143134   5.271266   0.014809   0.180671   

122.2222   1   +   224.2422   2   +   240.4024   3   +   141.143134   5.271266   0.014809   0.180671   

122.2222   1   +   224.2422   2   +   240.4024   3   +   141.143134   5.271266   0.014809   0.180671   

122.2222   1   +   224.2422   2   +   240.4024   3   +   141.143134   5.271266   0.014809   0.180671   

122.2222   1   +   224.2422   2   +   240.4024   3   +   141.143134   5.271266   0.014809   0.180671   

122.2222   1   +   224.2422   2   +   240.4024   3   +   141.143134   5.271266   0.014809   0.180671   

124.2424   1   +   228.2824   2   +   280.8028   3   +   141.143134   5.751746   0.015208   0.185543   

124.2424   1   +   228.2824   2   +   280.8028   3   +   141.143134   5.751746   0.015208   0.185543   

124.2424   1   +   228.2824   2   +   280.8028   3   +   141.143134   5.751746   0.015208   0.185543   

124.2424   1   +   228.2824   2   +   280.8028   3   +   141.143134   5.751746   0.015208   0.185543   

124.2424   1   +   228.2824   2   +   280.8028   3   +   141.143134   5.751746   0.015208   0.185543   

124.2424   1   +   228.2824   2   +   280.8028   3   +   141.143134   5.751746   0.015208   0.185543   

124.2424   1   +   228.2824   2   +   280.8028   3   +   141.143134   5.751746   0.015208   0.185543   

124.2424   1   +   228.2824   2   +   280.8028   3   +   141.143134   5.751746   0.015208   0.185543   

124.2424   1   +   228.2824   2   +   280.8028   3   +   141.143134   5.751746   0.015208   0.185543   

124.2424   1   +   228.2824   2   +   280.8028   3   +   141.143134   5.751746   0.015208   0.185543   

124.2424   1   +   228.2824   2   +   280.8028   3   +   141.143134   5.751746   0.015208   0.185543   

124.2424   1   +   228.2824   2   +   280.8028   3   +   141.143134   5.751746   0.015208   0.185543   

124.2424   1   +   228.2824   2   +   280.8028   3   +   141.143134   5.751746   0.015208   0.185543   

124.2424   1   +   228.2824   2   +   280.8028   3   +   141.143134   5.751746   0.015208   0.185543   

124.2424   1   +   228.2824   2   +   280.8028   3   +   141.143134   5.751746   0.015208   0.185543   

124.2424   1   +   228.2824   2   +   280.8028   3   +   141.143134   5.751746   0.015208   0.185543   

124.2424   1   +   228.2824   2   +   280.8028   3   +   141.143134   5.751746   0.015208   0.185543   

124.2424   1   +   228.2824   2   +   280.8028   3   +   141.143134   5.751746   0.015208   0.185543   

124.2424   1   +   228.2824   2   +   280.8028   3   +   141.143134   5.751746   0.015208   0.185543   

124.2424   1   +   228.2824   2   +   280.8028   3   +   141.143134   5.751746   0.015208   0.185543   

124.2424   1   +   228.2824   2   +   280.8028   3   +   141.143134   5.751746   0.015208   0.185543   

124.2424   1   +   228.2824   2   +   280.8028   3   +   141.143134   5.751746   0.015208   0.185543   

124.2424   1   +   228.2824   2   +   280.8028   3   +   141.143134   5.751746   0.015208   0.185543   

124.2424   1   +   228.2824   2   +   280.8028   3   +   141.143134   5.751746   0.015208   0.185543   

127.2727   1   +   234.3427   2   +   340.4034   3   +   141.151231   5.988089   0.014550   0.177505   

127.2727   1   +   234.3427   2   +   340.4034   3   +   141.151231   5.988089   0.014550   0.177505   

127.2727   1   +   234.3427   2   +   340.4034   3   +   141.151231   5.988089   0.014550   0.177505   

127.2727   1   +   234.3427   2   +   340.4034   3   +   141.151231   5.988089   0.014550   0.177505   

127.2727   1   +   234.3427   2   +   340.4034   3   +   141.151231   5.988089   0.014550   0.177505   

127.2727   1   +   234.3427   2   +   340.4034   3   +   141.151231   5.988089   0.014550   0.177505   

127.2727   1   +   234.3427   2   +   340.4034   3   +   141.151231   5.988089   0.014550   0.177505   

127.2727   1   +   234.3427   2   +   340.4034   3   +   141.151231   5.988089   0.014550   0.177505   

127.2727   1   +   234.3427   2   +   340.4034   3   +   141.151231   5.988089   0.014550   0.177505   

127.2727   1   +   234.3427   2   +   340.4034   3   +   141.151231   5.988089   0.014550   0.177505   

127.2727   1   +   234.3427   2   +   340.4034   3   +   141.151231   5.988089   0.014550   0.177505   

127.2727   1   +   234.3427   2   +   340.4034   3   +   141.151231   5.988089   0.014550   0.177505   

127.2727   1   +   234.3427   2   +   340.4034   3   +   141.151231   5.988089   0.014550   0.177505   

127.2727   1   +   234.3427   2   +   340.4034   3   +   141.151231   5.988089   0.014550   0.177505   

127.2727   1   +   234.3427   2   +   340.4034   3   +   141.151231   5.988089   0.014550   0.177505   

127.2727   1   +   234.3427   2   +   340.4034   3   +   141.151231   5.988089   0.014550   0.177505   

127.2727   1   +   234.3427   2   +   340.4034   3   +   141.151231   5.988089   0.014550   0.177505   

127.2727   1   +   234.3427   2   +   340.4034   3   +   141.151231   5.988089   0.014550   0.177505   

127.2727   1   +   234.3427   2   +   340.4034   3   +   141.151231   5.988089   0.014550   0.177505   

127.2727   1   +   234.3427   2   +   340.4034   3   +   141.151231   5.988089   0.014550   0.177505   

127.2727   1   +   234.3427   2   +   340.4034   3   +   141.151231   5.988089   0.014550   0.177505   

127.2727   1   +   234.3427   2   +   340.4034   3   +   141.151231   5.988089   0.014550   0.177505   

127.2727   1   +   234.3427   2   +   340.4034   3   +   141.151231   5.988089   0.014550   0.177505   

127.2727   1   +   234.3427   2   +   340.4034   3   +   141.151231   5.988089   0.014550   0.177505   

127.2727   1   +   234.3427   2   +   340.4034   3   +   141.151231   5.988089   0.014550   0.177505   

130.3030   1   +   240.4030   2   +   000.0040   3   +   141.165112   3.098528   0.006964   0.084961   

130.3030   1   +   240.4030   2   +   000.0040   3   +   141.165112   3.098528   0.006964   0.084961   

130.3030   1   +   240.4030   2   +   000.0040   3   +   141.165112   3.098528   0.006964   0.084961   

130.3030   1   +   240.4030   2   +   000.0040   3   +   141.165112   3.098528   0.006964   0.084961   

130.3030   1   +   240.4030   2   +   000.0040   3   +   141.165112   3.098528   0.006964   0.084961   

130.3030   1   +   240.4030   2   +   000.0040   3   +   141.165112   3.098528   0.006964   0.084961   

130.3030   1   +   240.4030   2   +   000.0040   3   +   141.165112   3.098528   0.006964   0.084961   

130.3030   1   +   240.4030   2   +   000.0040   3   +   141.165112   3.098528   0.006964   0.084961   

130.3030   1   +   240.4030   2   +   000.0040   3   +   141.165112   3.098528   0.006964   0.084961   

130.3030   1   +   240.4030   2   +   000.0040   3   +   141.165112   3.098528   0.006964   0.084961   

130.3030   1   +   240.4030   2   +   000.0040   3   +   141.165112   3.098528   0.006964   0.084961   

130.3030   1   +   240.4030   2   +   000.0040   3   +   141.165112   3.098528   0.006964   0.084961   

130.3030   1   +   240.4030   2   +   000.0040   3   +   141.165112   3.098528   0.006964   0.084961   

130.3030   1   +   240.4030   2   +   000.0040   3   +   141.165112   3.098528   0.006964   0.084961   

130.3030   1   +   240.4030   2   +   000.0040   3   +   141.165112   3.098528   0.006964   0.084961   

130.3030   1   +   240.4030   2   +   000.0040   3   +   141.165112   3.098528   0.006964   0.084961   

130.3030   1   +   240.4030   2   +   000.0040   3   +   141.165112   3.098528   0.006964   0.084961   

130.3030   1   +   240.4030   2   +   000.0040   3   +   141.165112   3.098528   0.006964   0.084961   

130.3030   1   +   240.4030   2   +   000.0040   3   +   141.165112   3.098528   0.006964   0.084961   

130.3030   1   +   240.4030   2   +   000.0040   3   +   141.165112   3.098528   0.006964   0.084961   

130.3030   1   +   240.4030   2   +   000.0040   3   +   141.165112   3.098528   0.006964   0.084961   

130.3030   1   +   240.4030   2   +   000.0040   3   +   141.165112   3.098528   0.006964   0.084961   

130.3030   1   +   240.4030   2   +   000.0040   3   +   141.165112   3.098528   0.006964   0.084961   

133.3333   1   +   246.4633   2   +   060.6046   3   +   141.166269   5.740611   0.012002   0.146425   

133.3333   1   +   246.4633   2   +   060.6046   3   +   141.166269   5.740611   0.012002   0.146425   

133.3333   1   +   246.4633   2   +   060.6046   3   +   141.166269   5.740611   0.012002   0.146425   

133.3333   1   +   246.4633   2   +   060.6046   3   +   141.166269   5.740611   0.012002   0.146425   

133.3333   1   +   246.4633   2   +   060.6046   3   +   141.166269   5.740611   0.012002   0.146425   

133.3333   1   +   246.4633   2   +   060.6046   3   +   141.166269   5.740611   0.012002   0.146425   

133.3333   1   +   246.4633   2   +   060.6046   3   +   141.166269   5.740611   0.012002   0.146425   

133.3333   1   +   246.4633   2   +   060.6046   3   +   141.166269   5.740611   0.012002   0.146425   

133.3333   1   +   246.4633   2   +   060.6046   3   +   141.166269   5.740611   0.012002   0.146425   

133.3333   1   +   246.4633   2   +   060.6046   3   +   141.166269   5.740611   0.012002   0.146425   

133.3333   1   +   246.4633   2   +   060.6046   3   +   141.166269   5.740611   0.012002   0.146425   

133.3333   1   +   246.4633   2   +   060.6046   3   +   141.166269   5.740611   0.012002   0.146425   

133.3333   1   +   246.4633   2   +   060.6046   3   +   141.166269   5.740611   0.012002   0.146425   

133.3333   1   +   246.4633   2   +   060.6046   3   +   141.166269   5.740611   0.012002   0.146425   

133.3333   1   +   246.4633   2   +   060.6046   3   +   141.166269   5.740611   0.012002   0.146425   

133.3333   1   +   246.4633   2   +   060.6046   3   +   141.166269   5.740611   0.012002   0.146425   

133.3333   1   +   246.4633   2   +   060.6046   3   +   141.166269   5.740611   0.012002   0.146425   

133.3333   1   +   246.4633   2   +   060.6046   3   +   141.166269   5.740611   0.012002   0.146425   

133.3333   1   +   246.4633   2   +   060.6046   3   +   141.166269   5.740611   0.012002   0.146425   

133.3333   1   +   246.4633   2   +   060.6046   3   +   141.166269   5.740611   0.012002   0.146425   

133.3333   1   +   246.4633   2   +   060.6046   3   +   141.166269   5.740611   0.012002   0.146425   

133.3333   1   +   246.4633   2   +   060.6046   3   +   141.166269   5.740611   0.012002   0.146425   

133.3333   1   +   246.4633   2   +   060.6046   3   +   141.166269   5.740611   0.012002   0.146425   

133.3333   1   +   246.4633   2   +   060.6046   3   +   141.166269   5.740611   0.012002   0.146425   

136.3636   1   +   252.5236   2   +   120.2052   3   +   141.177836   4.053364   0.007922   0.096646   

136.3636   1   +   252.5236   2   +   120.2052   3   +   141.177836   4.053364   0.007922   0.096646   

136.3636   1   +   252.5236   2   +   120.2052   3   +   141.177836   4.053364   0.007922   0.096646   

136.3636   1   +   252.5236   2   +   120.2052   3   +   141.177836   4.053364   0.007922   0.096646   

136.3636   1   +   252.5236   2   +   120.2052   3   +   141.177836   4.053364   0.007922   0.096646   

136.3636   1   +   252.5236   2   +   120.2052   3   +   141.177836   4.053364   0.007922   0.096646   

136.3636   1   +   252.5236   2   +   120.2052   3   +   141.177836   4.053364   0.007922   0.096646   

136.3636   1   +   252.5236   2   +   120.2052   3   +   141.177836   4.053364   0.007922   0.096646   

136.3636   1   +   252.5236   2   +   120.2052   3   +   141.177836   4.053364   0.007922   0.096646   

136.3636   1   +   252.5236   2   +   120.2052   3   +   141.177836   4.053364   0.007922   0.096646   

136.3636   1   +   252.5236   2   +   120.2052   3   +   141.177836   4.053364   0.007922   0.096646   

136.3636   1   +   252.5236   2   +   120.2052   3   +   141.177836   4.053364   0.007922   0.096646   

136.3636   1   +   252.5236   2   +   120.2052   3   +   141.177836   4.053364   0.007922   0.096646   

136.3636   1   +   252.5236   2   +   120.2052   3   +   141.177836   4.053364   0.007922   0.096646   

136.3636   1   +   252.5236   2   +   120.2052   3   +   141.177836   4.053364   0.007922   0.096646   

136.3636   1   +   252.5236   2   +   120.2052   3   +   141.177836   4.053364   0.007922   0.096646   

136.3636   1   +   252.5236   2   +   120.2052   3   +   141.177836   4.053364   0.007922   0.096646   

136.3636   1   +   252.5236   2   +   120.2052   3   +   141.177836   4.053364   0.007922   0.096646   

136.3636   1   +   252.5236   2   +   120.2052   3   +   141.177836   4.053364   0.007922   0.096646   

136.3636   1   +   252.5236   2   +   120.2052   3   +   141.177836   4.053364   0.007922   0.096646   

136.3636   1   +   252.5236   2   +   120.2052   3   +   141.177836   4.053364   0.007922   0.096646   

136.3636   1   +   252.5236   2   +   120.2052   3   +   141.177836   4.053364   0.007922   0.096646   

136.3636   1   +   252.5236   2   +   120.2052   3   +   141.177836   4.053364   0.007922   0.096646   

136.3636   1   +   252.5236   2   +   120.2052   3   +   141.177836   4.053364   0.007922   0.096646   

139.3939   1   +   258.5839   2   +   180.8058   3   +   141.177836   7.656964   0.014048   0.171390   

139.3939   1   +   258.5839   2   +   180.8058   3   +   141.177836   7.656964   0.014048   0.171390   

139.3939   1   +   258.5839   2   +   180.8058   3   +   141.177836   7.656964   0.014048   0.171390   

139.3939   1   +   258.5839   2   +   180.8058   3   +   141.177836   7.656964   0.014048   0.171390   

139.3939   1   +   258.5839   2   +   180.8058   3   +   141.177836   7.656964   0.014048   0.171390   

139.3939   1   +   258.5839   2   +   180.8058   3   +   141.177836   7.656964   0.014048   0.171390   

139.3939   1   +   258.5839   2   +   180.8058   3   +   141.177836   7.656964   0.014048   0.171390   

139.3939   1   +   258.5839   2   +   180.8058   3   +   141.177836   7.656964   0.014048   0.171390   

139.3939   1   +   258.5839   2   +   180.8058   3   +   141.177836   7.656964   0.014048   0.171390   

139.3939   1   +   258.5839   2   +   180.8058   3   +   141.177836   7.656964   0.014048   0.171390   

139.3939   1   +   258.5839   2   +   180.8058   3   +   141.177836   7.656964   0.014048   0.171390   

139.3939   1   +   258.5839   2   +   180.8058   3   +   141.177836   7.656964   0.014048   0.171390   

139.3939   1   +   258.5839   2   +   180.8058   3   +   141.177836   7.656964   0.014048   0.171390   

139.3939   1   +   258.5839   2   +   180.8058   3   +   141.177836   7.656964   0.014048   0.171390   

139.3939   1   +   258.5839   2   +   180.8058   3   +   141.177836   7.656964   0.014048   0.171390   

139.3939   1   +   258.5839   2   +   180.8058   3   +   141.177836   7.656964   0.014048   0.171390   

139.3939   1   +   258.5839   2   +   180.8058   3   +   141.177836   7.656964   0.014048   0.171390   

139.3939   1   +   258.5839   2   +   180.8058   3   +   141.177836   7.656964   0.014048   0.171390   

139.3939   1   +   258.5839   2   +   180.8058   3   +   141.177836   7.656964   0.014048   0.171390   

139.3939   1   +   258.5839   2   +   180.8058   3   +   141.177836   7.656964   0.014048   0.171390   

139.3939   1   +   258.5839   2   +   180.8058   3   +   141.177836   7.656964   0.014048   0.171390   

139.3939   1   +   258.5839   2   +   180.8058   3   +   141.177836   7.656964   0.014048   0.171390   

139.3939   1   +   258.5839   2   +   180.8058   3   +   141.177836   7.656964   0.014048   0.171390   

139.3939   1   +   258.5839   2   +   180.8058   3   +   141.177836   7.656964   0.014048   0.171390   

142.4242   1   +   264.6442   2   +   240.4064   3   +   141.189403   5.248997   0.009075   0.110713   

142.4242   1   +   264.6442   2   +   240.4064   3   +   141.189403   5.248997   0.009075   0.110713   

142.4242   1   +   264.6442   2   +   240.4064   3   +   141.189403   5.248997   0.009075   0.110713   

142.4242   1   +   264.6442   2   +   240.4064   3   +   141.189403   5.248997   0.009075   0.110713   

142.4242   1   +   264.6442   2   +   240.4064   3   +   141.189403   5.248997   0.009075   0.110713   

142.4242   1   +   264.6442   2   +   240.4064   3   +   141.189403   5.248997   0.009075   0.110713   

142.4242   1   +   264.6442   2   +   240.4064   3   +   141.189403   5.248997   0.009075   0.110713   

142.4242   1   +   264.6442   2   +   240.4064   3   +   141.189403   5.248997   0.009075   0.110713   

142.4242   1   +   264.6442   2   +   240.4064   3   +   141.189403   5.248997   0.009075   0.110713   

142.4242   1   +   264.6442   2   +   240.4064   3   +   141.189403   5.248997   0.009075   0.110713   

142.4242   1   +   264.6442   2   +   240.4064   3   +   141.189403   5.248997   0.009075   0.110713   

142.4242   1   +   264.6442   2   +   240.4064   3   +   141.189403   5.248997   0.009075   0.110713   

142.4242   1   +   264.6442   2   +   240.4064   3   +   141.189403   5.248997   0.009075   0.110713   

142.4242   1   +   264.6442   2   +   240.4064   3   +   141.189403   5.248997   0.009075   0.110713   

142.4242   1   +   264.6442   2   +   240.4064   3   +   141.189403   5.248997   0.009075   0.110713   

142.4242   1   +   264.6442   2   +   240.4064   3   +   141.189403   5.248997   0.009075   0.110713   

142.4242   1   +   264.6442   2   +   240.4064   3   +   141.189403   5.248997   0.009075   0.110713   

142.4242   1   +   264.6442   2   +   240.4064   3   +   141.189403   5.248997   0.009075   0.110713   

142.4242   1   +   264.6442   2   +   240.4064   3   +   141.189403   5.248997   0.009075   0.110713   

142.4242   1   +   264.6442   2   +   240.4064   3   +   141.189403   5.248997   0.009075   0.110713   

142.4242   1   +   264.6442   2   +   240.4064   3   +   141.189403   5.248997   0.009075   0.110713   

142.4242   1   +   264.6442   2   +   240.4064   3   +   141.189403   5.248997   0.009075   0.110713   

142.4242   1   +   264.6442   2   +   240.4064   3   +   141.189403   5.248997   0.009075   0.110713   

145.4545   1   +   270.7045   2   +   300.0070   3   +   141.200970   2.841030   0.004644   0.056655   

145.4545   1   +   270.7045   2   +   300.0070   3   +   141.200970   2.841030   0.004644   0.056655   

145.4545   1   +   270.7045   2   +   300.0070   3   +   141.200970   2.841030   0.004644   0.056655   

145.4545   1   +   270.7045   2   +   300.0070   3   +   141.200970   2.841030   0.004644   0.056655   

145.4545   1   +   270.7045   2   +   300.0070   3   +   141.200970   2.841030   0.004644   0.056655   

145.4545   1   +   270.7045   2   +   300.0070   3   +   141.200970   2.841030   0.004644   0.056655   

145.4545   1   +   270.7045   2   +   300.0070   3   +   141.200970   2.841030   0.004644   0.056655   

145.4545   1   +   270.7045   2   +   300.0070   3   +   141.200970   2.841030   0.004644   0.056655   

145.4545   1   +   270.7045   2   +   300.0070   3   +   141.200970   2.841030   0.004644   0.056655   

145.4545   1   +   270.7045   2   +   300.0070   3   +   141.200970   2.841030   0.004644   0.056655   

145.4545   1   +   270.7045   2   +   300.0070   3   +   141.200970   2.841030   0.004644   0.056655   

145.4545   1   +   270.7045   2   +   300.0070   3   +   141.200970   2.841030   0.004644   0.056655   

147.4747   1   +   274.7447   2   +   340.4074   3   +   141.200970   2.841030   0.004644   0.056655   

147.4747   1   +   274.7447   2   +   340.4074   3   +   141.200970   2.841030   0.004644   0.056655   

147.4747   1   +   274.7447   2   +   340.4074   3   +   141.200970   2.841030   0.004644   0.056655   

147.4747   1   +   274.7447   2   +   340.4074   3   +   141.200970   2.841030   0.004644   0.056655   

147.4747   1   +   274.7447   2   +   340.4074   3   +   141.200970   2.841030   0.004644   0.056655   

147.4747   1   +   274.7447   2   +   340.4074   3   +   141.200970   2.841030   0.004644   0.056655   

147.4747   1   +   274.7447   2   +   340.4074   3   +   141.200970   2.841030   0.004644   0.056655   

147.4747   1   +   274.7447   2   +   340.4074   3   +   141.200970   2.841030   0.004644   0.056655   

147.4747   1   +   274.7447   2   +   340.4074   3   +   141.200970   2.841030   0.004644   0.056655   

147.4747   1   +   274.7447   2   +   340.4074   3   +   141.200970   2.841030   0.004644   0.056655   

147.4747   1   +   274.7447   2   +   340.4074   3   +   141.200970   2.841030   0.004644   0.056655   

147.4747   1   +   274.7447   2   +   340.4074   3   +   141.200970   2.841030   0.004644   0.056655   

147.4747   1   +   274.7447   2   +   340.4074   3   +   141.200970   2.841030   0.004644   0.056655   

147.4747   1   +   274.7447   2   +   340.4074   3   +   141.200970   2.841030   0.004644   0.056655   

147.4747   1   +   274.7447   2   +   340.4074   3   +   141.200970   2.841030   0.004644   0.056655   

147.4747   1   +   274.7447   2   +   340.4074   3   +   141.200970   2.841030   0.004644   0.056655   

147.4747   1   +   274.7447   2   +   340.4074   3   +   141.200970   2.841030   0.004644   0.056655   

147.4747   1   +   274.7447   2   +   340.4074   3   +   141.200970   2.841030   0.004644   0.056655   

147.4747   1   +   274.7447   2   +   340.4074   3   +   141.200970   2.841030   0.004644   0.056655   

147.4747   1   +   274.7447   2   +   340.4074   3   +   141.200970   2.841030   0.004644   0.056655   

147.4747   1   +   274.7447   2   +   340.4074   3   +   141.200970   2.841030   0.004644   0.056655   

147.4747   1   +   274.7447   2   +   340.4074   3   +   141.200970   2.841030   0.004644   0.056655   

147.4747   1   +   274.7447   2   +   340.4074   3   +   141.200970   2.841030   0.004644   0.056655   

147.4747   1   +   274.7447   2   +   340.4074   3   +   141.200970   2.841030   0.004644   0.056655   

147.4747   1   +   274.7447   2   +   340.4074   3   +   141.200970   2.841030   0.004644   0.056655   

150.5050   1   +   280.8050   2   +   000.0080   3   +   141.206754   3.558966   0.005333   0.065057   

150.5050   1   +   280.8050   2   +   000.0080   3   +   141.206754   3.558966   0.005333   0.065057   

150.5050   1   +   280.8050   2   +   000.0080   3   +   141.206754   3.558966   0.005333   0.065057   

150.5050   1   +   280.8050   2   +   000.0080   3   +   141.206754   3.558966   0.005333   0.065057   

150.5050   1   +   280.8050   2   +   000.0080   3   +   141.206754   3.558966   0.005333   0.065057   

150.5050   1   +   280.8050   2   +   000.0080   3   +   141.206754   3.558966   0.005333   0.065057   

150.5050   1   +   280.8050   2   +   000.0080   3   +   141.206754   3.558966   0.005333   0.065057   

150.5050   1   +   280.8050   2   +   000.0080   3   +   141.206754   3.558966   0.005333   0.065057   

150.5050   1   +   280.8050   2   +   000.0080   3   +   141.206754   3.558966   0.005333   0.065057   

150.5050   1   +   280.8050   2   +   000.0080   3   +   141.206754   3.558966   0.005333   0.065057   

150.5050   1   +   280.8050   2   +   000.0080   3   +   141.206754   3.558966   0.005333   0.065057   

150.5050   1   +   280.8050   2   +   000.0080   3   +   141.206754   3.558966   0.005333   0.065057   

150.5050   1   +   280.8050   2   +   000.0080   3   +   141.206754   3.558966   0.005333   0.065057   

150.5050   1   +   280.8050   2   +   000.0080   3   +   141.206754   3.558966   0.005333   0.065057   

150.5050   1   +   280.8050   2   +   000.0080   3   +   141.206754   3.558966   0.005333   0.065057   

150.5050   1   +   280.8050   2   +   000.0080   3   +   141.206754   3.558966   0.005333   0.065057   

150.5050   1   +   280.8050   2   +   000.0080   3   +   141.206754   3.558966   0.005333   0.065057   

150.5050   1   +   280.8050   2   +   000.0080   3   +   141.206754   3.558966   0.005333   0.065057   

150.5050   1   +   280.8050   2   +   000.0080   3   +   141.206754   3.558966   0.005333   0.065057   

150.5050   1   +   280.8050   2   +   000.0080   3   +   141.206754   3.558966   0.005333   0.065057   

150.5050   1   +   280.8050   2   +   000.0080   3   +   141.206754   3.558966   0.005333   0.065057   

150.5050   1   +   280.8050   2   +   000.0080   3   +   141.206754   3.558966   0.005333   0.065057   

150.5050   1   +   280.8050   2   +   000.0080   3   +   141.206754   3.558966   0.005333   0.065057   

150.5050   1   +   280.8050   2   +   000.0080   3   +   141.206754   3.558966   0.005333   0.065057   

153.5353   1   +   286.8653   2   +   060.6086   3   +   141.212538   6.078702   0.008674   0.105827   

153.5353   1   +   286.8653   2   +   060.6086   3   +   141.212538   6.078702   0.008674   0.105827   

153.5353   1   +   286.8653   2   +   060.6086   3   +   141.212538   6.078702   0.008674   0.105827   

153.5353   1   +   286.8653   2   +   060.6086   3   +   141.212538   6.078702   0.008674   0.105827   

153.5353   1   +   286.8653   2   +   060.6086   3   +   141.212538   6.078702   0.008674   0.105827   

153.5353   1   +   286.8653   2   +   060.6086   3   +   141.212538   6.078702   0.008674   0.105827   

153.5353   1   +   286.8653   2   +   060.6086   3   +   141.212538   6.078702   0.008674   0.105827   

153.5353   1   +   286.8653   2   +   060.6086   3   +   141.212538   6.078702   0.008674   0.105827   

153.5353   1   +   286.8653   2   +   060.6086   3   +   141.212538   6.078702   0.008674   0.105827   

153.5353   1   +   286.8653   2   +   060.6086   3   +   141.212538   6.078702   0.008674   0.105827   

153.5353   1   +   286.8653   2   +   060.6086   3   +   141.212538   6.078702   0.008674   0.105827   

153.5353   1   +   286.8653   2   +   060.6086   3   +   141.212538   6.078702   0.008674   0.105827   

153.5353   1   +   286.8653   2   +   060.6086   3   +   141.212538   6.078702   0.008674   0.105827   

153.5353   1   +   286.8653   2   +   060.6086   3   +   141.212538   6.078702   0.008674   0.105827   

153.5353   1   +   286.8653   2   +   060.6086   3   +   141.212538   6.078702   0.008674   0.105827   

153.5353   1   +   286.8653   2   +   060.6086   3   +   141.212538   6.078702   0.008674   0.105827   

153.5353   1   +   286.8653   2   +   060.6086   3   +   141.212538   6.078702   0.008674   0.105827   

153.5353   1   +   286.8653   2   +   060.6086   3   +   141.212538   6.078702   0.008674   0.105827   

153.5353   1   +   286.8653   2   +   060.6086   3   +   141.212538   6.078702   0.008674   0.105827   

153.5353   1   +   286.8653   2   +   060.6086   3   +   141.212538   6.078702   0.008674   0.105827   

153.5353   1   +   286.8653   2   +   060.6086   3   +   141.212538   6.078702   0.008674   0.105827   

153.5353   1   +   286.8653   2   +   060.6086   3   +   141.212538   6.078702   0.008674   0.105827   

153.5353   1   +   286.8653   2   +   060.6086   3   +   141.212538   6.078702   0.008674   0.105827   

153.5353   1   +   286.8653   2   +   060.6086   3   +   141.212538   6.078702   0.008674   0.105827   

156.5656   1   +   292.9256   2   +   120.2092   3   +   141.224105   4.031095   0.005491   0.066989   

156.5656   1   +   292.9256   2   +   120.2092   3   +   141.224105   4.031095   0.005491   0.066989   

156.5656   1   +   292.9256   2   +   120.2092   3   +   141.224105   4.031095   0.005491   0.066989   

156.5656   1   +   292.9256   2   +   120.2092   3   +   141.224105   4.031095   0.005491   0.066989   

156.5656   1   +   292.9256   2   +   120.2092   3   +   141.224105   4.031095   0.005491   0.066989   

156.5656   1   +   292.9256   2   +   120.2092   3   +   141.224105   4.031095   0.005491   0.066989   

156.5656   1   +   292.9256   2   +   120.2092   3   +   141.224105   4.031095   0.005491   0.066989   

156.5656   1   +   292.9256   2   +   120.2092   3   +   141.224105   4.031095   0.005491   0.066989   

156.5656   1   +   292.9256   2   +   120.2092   3   +   141.224105   4.031095   0.005491   0.066989   

156.5656   1   +   292.9256   2   +   120.2092   3   +   141.224105   4.031095   0.005491   0.066989   

156.5656   1   +   292.9256   2   +   120.2092   3   +   141.224105   4.031095   0.005491   0.066989   

156.5656   1   +   292.9256   2   +   120.2092   3   +   141.224105   4.031095   0.005491   0.066989   

156.5656   1   +   292.9256   2   +   120.2092   3   +   141.224105   4.031095   0.005491   0.066989   

156.5656   1   +   292.9256   2   +   120.2092   3   +   141.224105   4.031095   0.005491   0.066989   

156.5656   1   +   292.9256   2   +   120.2092   3   +   141.224105   4.031095   0.005491   0.066989   

156.5656   1   +   292.9256   2   +   120.2092   3   +   141.224105   4.031095   0.005491   0.066989   

156.5656   1   +   292.9256   2   +   120.2092   3   +   141.224105   4.031095   0.005491   0.066989   

156.5656   1   +   292.9256   2   +   120.2092   3   +   141.224105   4.031095   0.005491   0.066989   

156.5656   1   +   292.9256   2   +   120.2092   3   +   141.224105   4.031095   0.005491   0.066989   

156.5656   1   +   292.9256   2   +   120.2092   3   +   141.224105   4.031095   0.005491   0.066989   

156.5656   1   +   292.9256   2   +   120.2092   3   +   141.224105   4.031095   0.005491   0.066989   

156.5656   1   +   292.9256   2   +   120.2092   3   +   141.224105   4.031095   0.005491   0.066989   

156.5656   1   +   292.9256   2   +   120.2092   3   +   141.224105   4.031095   0.005491   0.066989   

156.5656   1   +   292.9256   2   +   120.2092   3   +   141.224105   4.031095   0.005491   0.066989   

159.5959   1   +   298.9859   2   +   180.8098   3   +   141.224105   6.913975   0.009008   0.109901   

159.5959   1   +   298.9859   2   +   180.8098   3   +   141.224105   6.913975   0.009008   0.109901   

159.5959   1   +   298.9859   2   +   180.8098   3   +   141.224105   6.913975   0.009008   0.109901   

159.5959   1   +   298.9859   2   +   180.8098   3   +   141.224105   6.913975   0.009008   0.109901   

159.5959   1   +   298.9859   2   +   180.8098   3   +   141.224105   6.913975   0.009008   0.109901   

159.5959   1   +   298.9859   2   +   180.8098   3   +   141.224105   6.913975   0.009008   0.109901   

159.5959   1   +   298.9859   2   +   180.8098   3   +   141.224105   6.913975   0.009008   0.109901   

159.5959   1   +   298.9859   2   +   180.8098   3   +   141.224105   6.913975   0.009008   0.109901   

159.5959   1   +   298.9859   2   +   180.8098   3   +   141.224105   6.913975   0.009008   0.109901   

159.5959   1   +   298.9859   2   +   180.8098   3   +   141.224105   6.913975   0.009008   0.109901   

159.5959   1   +   298.9859   2   +   180.8098   3   +   141.224105   6.913975   0.009008   0.109901   

159.5959   1   +   298.9859   2   +   180.8098   3   +   141.224105   6.913975   0.009008   0.109901   

159.5959   1   +   298.9859   2   +   180.8098   3   +   141.224105   6.913975   0.009008   0.109901   

159.5959   1   +   298.9859   2   +   180.8098   3   +   141.224105   6.913975   0.009008   0.109901   

159.5959   1   +   298.9859   2   +   180.8098   3   +   141.224105   6.913975   0.009008   0.109901   

159.5959   1   +   298.9859   2   +   180.8098   3   +   141.224105   6.913975   0.009008   0.109901   

159.5959   1   +   298.9859   2   +   180.8098   3   +   141.224105   6.913975   0.009008   0.109901   

159.5959   1   +   298.9859   2   +   180.8098   3   +   141.224105   6.913975   0.009008   0.109901   

159.5959   1   +   298.9859   2   +   180.8098   3   +   141.224105   6.913975   0.009008   0.109901   

159.5959   1   +   298.9859   2   +   180.8098   3   +   141.224105   6.913975   0.009008   0.109901   

159.5959   1   +   298.9859   2   +   180.8098   3   +   141.224105   6.913975   0.009008   0.109901   

159.5959   1   +   298.9859   2   +   180.8098   3   +   141.224105   6.913975   0.009008   0.109901   

159.5959   1   +   298.9859   2   +   180.8098   3   +   141.224105   6.913975   0.009008   0.109901   

162.6262   1   +   304.0462   2   +   240.4004   3   +   141.120000   5.282400   0.006596   0.080468   

162.6262   1   +   304.0462   2   +   240.4004   3   +   141.120000   5.282400   0.006596   0.080468   

162.6262   1   +   304.0462   2   +   240.4004   3   +   141.120000   5.282400   0.006596   0.080468   

162.6262   1   +   304.0462   2   +   240.4004   3   +   141.120000   5.282400   0.006596   0.080468   

162.6262   1   +   304.0462   2   +   240.4004   3   +   141.120000   5.282400   0.006596   0.080468   

162.6262   1   +   304.0462   2   +   240.4004   3   +   141.120000   5.282400   0.006596   0.080468   

162.6262   1   +   304.0462   2   +   240.4004   3   +   141.120000   5.282400   0.006596   0.080468   

162.6262   1   +   304.0462   2   +   240.4004   3   +   141.120000   5.282400   0.006596   0.080468   

162.6262   1   +   304.0462   2   +   240.4004   3   +   141.120000   5.282400   0.006596   0.080468   

162.6262   1   +   304.0462   2   +   240.4004   3   +   141.120000   5.282400   0.006596   0.080468   

162.6262   1   +   304.0462   2   +   240.4004   3   +   141.120000   5.282400   0.006596   0.080468   

162.6262   1   +   304.0462   2   +   240.4004   3   +   141.120000   5.282400   0.006596   0.080468   

162.6262   1   +   304.0462   2   +   240.4004   3   +   141.120000   5.282400   0.006596   0.080468   

162.6262   1   +   304.0462   2   +   240.4004   3   +   141.120000   5.282400   0.006596   0.080468   

162.6262   1   +   304.0462   2   +   240.4004   3   +   141.120000   5.282400   0.006596   0.080468   

162.6262   1   +   304.0462   2   +   240.4004   3   +   141.120000   5.282400   0.006596   0.080468   

162.6262   1   +   304.0462   2   +   240.4004   3   +   141.120000   5.282400   0.006596   0.080468   

162.6262   1   +   304.0462   2   +   240.4004   3   +   141.120000   5.282400   0.006596   0.080468   

162.6262   1   +   304.0462   2   +   240.4004   3   +   141.120000   5.282400   0.006596   0.080468   

162.6262   1   +   304.0462   2   +   240.4004   3   +   141.120000   5.282400   0.006596   0.080468   

162.6262   1   +   304.0462   2   +   240.4004   3   +   141.120000   5.282400   0.006596   0.080468   

162.6262   1   +   304.0462   2   +   240.4004   3   +   141.120000   5.282400   0.006596   0.080468   

162.6262   1   +   304.0462   2   +   240.4004   3   +   141.120000   5.282400   0.006596   0.080468   

162.6262   1   +   304.0462   2   +   240.4004   3   +   141.120000   5.282400   0.006596   0.080468   

165.6565   1   +   310.1065   2   +   300.0010   3   +   141.131567   2.874433   0.003446   0.042035   

165.6565   1   +   310.1065   2   +   300.0010   3   +   141.131567   2.874433   0.003446   0.042035   

165.6565   1   +   310.1065   2   +   300.0010   3   +   141.131567   2.874433   0.003446   0.042035   

165.6565   1   +   310.1065   2   +   300.0010   3   +   141.131567   2.874433   0.003446   0.042035   

165.6565   1   +   310.1065   2   +   300.0010   3   +   141.131567   2.874433   0.003446   0.042035   

165.6565   1   +   310.1065   2   +   300.0010   3   +   141.131567   2.874433   0.003446   0.042035   

165.6565   1   +   310.1065   2   +   300.0010   3   +   141.131567   2.874433   0.003446   0.042035   

165.6565   1   +   310.1065   2   +   300.0010   3   +   141.131567   2.874433   0.003446   0.042035   

165.6565   1   +   310.1065   2   +   300.0010   3   +   141.131567   2.874433   0.003446   0.042035   

165.6565   1   +   310.1065   2   +   300.0010   3   +   141.131567   2.874433   0.003446   0.042035   

165.6565   1   +   310.1065   2   +   300.0010   3   +   141.131567   2.874433   0.003446   0.042035   

165.6565   1   +   310.1065   2   +   300.0010   3   +   141.131567   2.874433   0.003446   0.042035   

165.6565   1   +   310.1065   2   +   300.0010   3   +   141.131567   2.874433   0.003446   0.042035   

165.6565   1   +   310.1065   2   +   300.0010   3   +   141.131567   2.874433   0.003446   0.042035   

165.6565   1   +   310.1065   2   +   300.0010   3   +   141.131567   2.874433   0.003446   0.042035   

165.6565   1   +   310.1065   2   +   300.0010   3   +   141.131567   2.874433   0.003446   0.042035   

165.6565   1   +   310.1065   2   +   300.0010   3   +   141.131567   2.874433   0.003446   0.042035   

165.6565   1   +   310.1065   2   +   300.0010   3   +   141.131567   2.874433   0.003446   0.042035   

165.6565   1   +   310.1065   2   +   300.0010   3   +   141.131567   2.874433   0.003446   0.042035   

165.6565   1   +   310.1065   2   +   300.0010   3   +   141.131567   2.874433   0.003446   0.042035   

165.6565   1   +   310.1065   2   +   300.0010   3   +   141.131567   2.874433   0.003446   0.042035   

165.6565   1   +   310.1065   2   +   300.0010   3   +   141.131567   2.874433   0.003446   0.042035   

165.6565   1   +   310.1065   2   +   300.0010   3   +   141.131567   2.874433   0.003446   0.042035   

165.6565   1   +   310.1065   2   +   300.0010   3   +   141.131567   2.874433   0.003446   0.042035   

165.6565   1   +   310.1065   2   +   300.0010   3   +   141.131567   2.874433   0.003446   0.042035   

168.6868   1   +   316.1668   2   +   360.6016   3   +   141.131567   6.478033   0.007466   0.091090   

168.6868   1   +   316.1668   2   +   360.6016   3   +   141.131567   6.478033   0.007466   0.091090   

168.6868   1   +   316.1668   2   +   360.6016   3   +   141.131567   6.478033   0.007466   0.091090   

168.6868   1   +   316.1668   2   +   360.6016   3   +   141.131567   6.478033   0.007466   0.091090   

168.6868   1   +   316.1668   2   +   360.6016   3   +   141.131567   6.478033   0.007466   0.091090   

168.6868   1   +   316.1668   2   +   360.6016   3   +   141.131567   6.478033   0.007466   0.091090   

168.6868   1   +   316.1668   2   +   360.6016   3   +   141.131567   6.478033   0.007466   0.091090   

168.6868   1   +   316.1668   2   +   360.6016   3   +   141.131567   6.478033   0.007466   0.091090   

168.6868   1   +   316.1668   2   +   360.6016   3   +   141.131567   6.478033   0.007466   0.091090   

168.6868   1   +   316.1668   2   +   360.6016   3   +   141.131567   6.478033   0.007466   0.091090   

168.6868   1   +   316.1668   2   +   360.6016   3   +   141.131567   6.478033   0.007466   0.091090   

168.6868   1   +   316.1668   2   +   360.6016   3   +   141.131567   6.478033   0.007466   0.091090   

170.7070   1   +   320.2070   2   +   000.0020   3   +   141.131567   6.478033   0.007466   0.091090   

170.7070   1   +   320.2070   2   +   000.0020   3   +   141.131567   6.478033   0.007466   0.091090   

170.7070   1   +   320.2070   2   +   000.0020   3   +   141.131567   6.478033   0.007466   0.091090   

170.7070   1   +   320.2070   2   +   000.0020   3   +   141.131567   6.478033   0.007466   0.091090   

170.7070   1   +   320.2070   2   +   000.0020   3   +   141.131567   6.478033   0.007466   0.091090   

170.7070   1   +   320.2070   2   +   000.0020   3   +   141.131567   6.478033   0.007466   0.091090   

170.7070   1   +   320.2070   2   +   000.0020   3   +   141.131567   6.478033   0.007466   0.091090   

170.7070   1   +   320.2070   2   +   000.0020   3   +   141.131567   6.478033   0.007466   0.091090   

170.7070   1   +   320.2070   2   +   000.0020   3   +   141.131567   6.478033   0.007466   0.091090   

170.7070   1   +   320.2070   2   +   000.0020   3   +   141.131567   6.478033   0.007466   0.091090   

170.7070   1   +   320.2070   2   +   000.0020   3   +   141.131567   6.478033   0.007466   0.091090   

170.7070   1   +   320.2070   2   +   000.0020   3   +   141.131567   6.478033   0.007466   0.091090   

171.7171   1   +   322.2271   2   +   020.2022   3   +   141.143134   4.070066   0.004517   0.055111   

171.7171   1   +   322.2271   2   +   020.2022   3   +   141.143134   4.070066   0.004517   0.055111   

171.7171   1   +   322.2271   2   +   020.2022   3   +   141.143134   4.070066   0.004517   0.055111   

171.7171   1   +   322.2271   2   +   020.2022   3   +   141.143134   4.070066   0.004517   0.055111   

171.7171   1   +   322.2271   2   +   020.2022   3   +   141.143134   4.070066   0.004517   0.055111   

171.7171   1   +   322.2271   2   +   020.2022   3   +   141.143134   4.070066   0.004517   0.055111   

171.7171   1   +   322.2271   2   +   020.2022   3   +   141.143134   4.070066   0.004517   0.055111   

171.7171   1   +   322.2271   2   +   020.2022   3   +   141.143134   4.070066   0.004517   0.055111   

171.7171   1   +   322.2271   2   +   020.2022   3   +   141.143134   4.070066   0.004517   0.055111   

171.7171   1   +   322.2271   2   +   020.2022   3   +   141.143134   4.070066   0.004517   0.055111   

171.7171   1   +   322.2271   2   +   020.2022   3   +   141.143134   4.070066   0.004517   0.055111   

171.7171   1   +   322.2271   2   +   020.2022   3   +   141.143134   4.070066   0.004517   0.055111   

173.7373   1   +   326.2673   2   +   060.6026   3   +   141.143134   4.550546   0.004929   0.060133   

173.7373   1   +   326.2673   2   +   060.6026   3   +   141.143134   4.550546   0.004929   0.060133   

173.7373   1   +   326.2673   2   +   060.6026   3   +   141.143134   4.550546   0.004929   0.060133   

173.7373   1   +   326.2673   2   +   060.6026   3   +   141.143134   4.550546   0.004929   0.060133   

173.7373   1   +   326.2673   2   +   060.6026   3   +   141.143134   4.550546   0.004929   0.060133   

173.7373   1   +   326.2673   2   +   060.6026   3   +   141.143134   4.550546   0.004929   0.060133   

173.7373   1   +   326.2673   2   +   060.6026   3   +   141.143134   4.550546   0.004929   0.060133   

173.7373   1   +   326.2673   2   +   060.6026   3   +   141.143134   4.550546   0.004929   0.060133   

173.7373   1   +   326.2673   2   +   060.6026   3   +   141.143134   4.550546   0.004929   0.060133   

173.7373   1   +   326.2673   2   +   060.6026   3   +   141.143134   4.550546   0.004929   0.060133   

173.7373   1   +   326.2673   2   +   060.6026   3   +   141.143134   4.550546   0.004929   0.060133   

173.7373   1   +   326.2673   2   +   060.6026   3   +   141.143134   4.550546   0.004929   0.060133   

173.7373   1   +   326.2673   2   +   060.6026   3   +   141.143134   4.550546   0.004929   0.060133   

173.7373   1   +   326.2673   2   +   060.6026   3   +   141.143134   4.550546   0.004929   0.060133   

173.7373   1   +   326.2673   2   +   060.6026   3   +   141.143134   4.550546   0.004929   0.060133   

173.7373   1   +   326.2673   2   +   060.6026   3   +   141.143134   4.550546   0.004929   0.060133   

173.7373   1   +   326.2673   2   +   060.6026   3   +   141.143134   4.550546   0.004929   0.060133   

173.7373   1   +   326.2673   2   +   060.6026   3   +   141.143134   4.550546   0.004929   0.060133   

173.7373   1   +   326.2673   2   +   060.6026   3   +   141.143134   4.550546   0.004929   0.060133   

173.7373   1   +   326.2673   2   +   060.6026   3   +   141.143134   4.550546   0.004929   0.060133   

173.7373   1   +   326.2673   2   +   060.6026   3   +   141.143134   4.550546   0.004929   0.060133   

173.7373   1   +   326.2673   2   +   060.6026   3   +   141.143134   4.550546   0.004929   0.060133   

173.7373   1   +   326.2673   2   +   060.6026   3   +   141.143134   4.550546   0.004929   0.060133   

173.7373   1   +   326.2673   2   +   060.6026   3   +   141.143134   4.550546   0.004929   0.060133   

176.7676   1   +   332.3276   2   +   120.2032   3   +   141.143134   4.550546   0.004929   0.060133   

176.7676   1   +   332.3276   2   +   120.2032   3   +   141.143134   4.550546   0.004929   0.060133   

176.7676   1   +   332.3276   2   +   120.2032   3   +   141.143134   4.550546   0.004929   0.060133   

176.7676   1   +   332.3276   2   +   120.2032   3   +   141.143134   4.550546   0.004929   0.060133   

176.7676   1   +   332.3276   2   +   120.2032   3   +   141.143134   4.550546   0.004929   0.060133   

176.7676   1   +   332.3276   2   +   120.2032   3   +   141.143134   4.550546   0.004929   0.060133   

176.7676   1   +   332.3276   2   +   120.2032   3   +   141.143134   4.550546   0.004929   0.060133   

176.7676   1   +   332.3276   2   +   120.2032   3   +   141.143134   4.550546   0.004929   0.060133   

176.7676   1   +   332.3276   2   +   120.2032   3   +   141.143134   4.550546   0.004929   0.060133   

176.7676   1   +   332.3276   2   +   120.2032   3   +   141.143134   4.550546   0.004929   0.060133   

176.7676   1   +   332.3276   2   +   120.2032   3   +   141.143134   4.550546   0.004929   0.060133   

176.7676   1   +   332.3276   2   +   120.2032   3   +   141.143134   4.550546   0.004929   0.060133   

176.7676   1   +   332.3276   2   +   120.2032   3   +   141.143134   4.550546   0.004929   0.060133   

176.7676   1   +   332.3276   2   +   120.2032   3   +   141.143134   4.550546   0.004929   0.060133   

176.7676   1   +   332.3276   2   +   120.2032   3   +   141.143134   4.550546   0.004929   0.060133   

176.7676   1   +   332.3276   2   +   120.2032   3   +   141.143134   4.550546   0.004929   0.060133   

176.7676   1   +   332.3276   2   +   120.2032   3   +   141.143134   4.550546   0.004929   0.060133   

176.7676   1   +   332.3276   2   +   120.2032   3   +   141.143134   4.550546   0.004929   0.060133   

176.7676   1   +   332.3276   2   +   120.2032   3   +   141.143134   4.550546   0.004929   0.060133   

176.7676   1   +   332.3276   2   +   120.2032   3   +   141.143134   4.550546   0.004929   0.060133   

176.7676   1   +   332.3276   2   +   120.2032   3   +   141.143134   4.550546   0.004929   0.060133   

176.7676   1   +   332.3276   2   +   120.2032   3   +   141.143134   4.550546   0.004929   0.060133   

176.7676   1   +   332.3276   2   +   120.2032   3   +   141.143134   4.550546   0.004929   0.060133   

176.7676   1   +   332.3276   2   +   120.2032   3   +   141.143134   4.550546   0.004929   0.060133   

179.7979   1   +   338.3879   2   +   180.8038   3   +   141.154702   7.668098   0.007746   0.094498   

179.7979   1   +   338.3879   2   +   180.8038   3   +   141.154702   7.668098   0.007746   0.094498   

179.7979   1   +   338.3879   2   +   180.8038   3   +   141.154702   7.668098   0.007746   0.094498   

179.7979   1   +   338.3879   2   +   180.8038   3   +   141.154702   7.668098   0.007746   0.094498   

179.7979   1   +   338.3879   2   +   180.8038   3   +   141.154702   7.668098   0.007746   0.094498   

179.7979   1   +   338.3879   2   +   180.8038   3   +   141.154702   7.668098   0.007746   0.094498   

179.7979   1   +   338.3879   2   +   180.8038   3   +   141.154702   7.668098   0.007746   0.094498   

179.7979   1   +   338.3879   2   +   180.8038   3   +   141.154702   7.668098   0.007746   0.094498   

179.7979   1   +   338.3879   2   +   180.8038   3   +   141.154702   7.668098   0.007746   0.094498   

179.7979   1   +   338.3879   2   +   180.8038   3   +   141.154702   7.668098   0.007746   0.094498   

179.7979   1   +   338.3879   2   +   180.8038   3   +   141.154702   7.668098   0.007746   0.094498   

179.7979   1   +   338.3879   2   +   180.8038   3   +   141.154702   7.668098   0.007746   0.094498   

179.7979   1   +   338.3879   2   +   180.8038   3   +   141.154702   7.668098   0.007746   0.094498   

179.7979   1   +   338.3879   2   +   180.8038   3   +   141.154702   7.668098   0.007746   0.094498   

179.7979   1   +   338.3879   2   +   180.8038   3   +   141.154702   7.668098   0.007746   0.094498   

179.7979   1   +   338.3879   2   +   180.8038   3   +   141.154702   7.668098   0.007746   0.094498   

179.7979   1   +   338.3879   2   +   180.8038   3   +   141.154702   7.668098   0.007746   0.094498   

179.7979   1   +   338.3879   2   +   180.8038   3   +   141.154702   7.668098   0.007746   0.094498   

179.7979   1   +   338.3879   2   +   180.8038   3   +   141.154702   7.668098   0.007746   0.094498   

179.7979   1   +   338.3879   2   +   180.8038   3   +   141.154702   7.668098   0.007746   0.094498   

179.7979   1   +   338.3879   2   +   180.8038   3   +   141.154702   7.668098   0.007746   0.094498   

179.7979   1   +   338.3879   2   +   180.8038   3   +   141.154702   7.668098   0.007746   0.094498   

179.7979   1   +   338.3879   2   +   180.8038   3   +   141.154702   7.668098   0.007746   0.094498   

179.7979   1   +   338.3879   2   +   180.8038   3   +   141.154702   7.668098   0.007746   0.094498   

182.8282   1   +   344.4482   2   +   240.4044   3   +   141.166269   5.260131   0.005140   0.062709   

182.8282   1   +   344.4482   2   +   240.4044   3   +   141.166269   5.260131   0.005140   0.062709   

182.8282   1   +   344.4482   2   +   240.4044   3   +   141.166269   5.260131   0.005140   0.062709   

182.8282   1   +   344.4482   2   +   240.4044   3   +   141.166269   5.260131   0.005140   0.062709   

182.8282   1   +   344.4482   2   +   240.4044   3   +   141.166269   5.260131   0.005140   0.062709   

182.8282   1   +   344.4482   2   +   240.4044   3   +   141.166269   5.260131   0.005140   0.062709   

182.8282   1   +   344.4482   2   +   240.4044   3   +   141.166269   5.260131   0.005140   0.062709   

182.8282   1   +   344.4482   2   +   240.4044   3   +   141.166269   5.260131   0.005140   0.062709   

182.8282   1   +   344.4482   2   +   240.4044   3   +   141.166269   5.260131   0.005140   0.062709   

182.8282   1   +   344.4482   2   +   240.4044   3   +   141.166269   5.260131   0.005140   0.062709   

182.8282   1   +   344.4482   2   +   240.4044   3   +   141.166269   5.260131   0.005140   0.062709   

182.8282   1   +   344.4482   2   +   240.4044   3   +   141.166269   5.260131   0.005140   0.062709   

182.8282   1   +   344.4482   2   +   240.4044   3   +   141.166269   5.260131   0.005140   0.062709   

182.8282   1   +   344.4482   2   +   240.4044   3   +   141.166269   5.260131   0.005140   0.062709   

182.8282   1   +   344.4482   2   +   240.4044   3   +   141.166269   5.260131   0.005140   0.062709   

182.8282   1   +   344.4482   2   +   240.4044   3   +   141.166269   5.260131   0.005140   0.062709   

182.8282   1   +   344.4482   2   +   240.4044   3   +   141.166269   5.260131   0.005140   0.062709   

182.8282   1   +   344.4482   2   +   240.4044   3   +   141.166269   5.260131   0.005140   0.062709   

182.8282   1   +   344.4482   2   +   240.4044   3   +   141.166269   5.260131   0.005140   0.062709   

182.8282   1   +   344.4482   2   +   240.4044   3   +   141.166269   5.260131   0.005140   0.062709   

182.8282   1   +   344.4482   2   +   240.4044   3   +   141.166269   5.260131   0.005140   0.062709   

182.8282   1   +   344.4482   2   +   240.4044   3   +   141.166269   5.260131   0.005140   0.062709   

182.8282   1   +   344.4482   2   +   240.4044   3   +   141.166269   5.260131   0.005140   0.062709   

182.8282   1   +   344.4482   2   +   240.4044   3   +   141.166269   5.260131   0.005140   0.062709   

182.8282   1   +   344.4482   2   +   240.4044   3   +   141.166269   5.260131   0.005140   0.062709   

185.8585   1   +   350.5085   2   +   300.0050   3   +   141.177836   2.852164   0.002699   0.032929   

185.8585   1   +   350.5085   2   +   300.0050   3   +   141.177836   2.852164   0.002699   0.032929   

185.8585   1   +   350.5085   2   +   300.0050   3   +   141.177836   2.852164   0.002699   0.032929   

185.8585   1   +   350.5085   2   +   300.0050   3   +   141.177836   2.852164   0.002699   0.032929   

185.8585   1   +   350.5085   2   +   300.0050   3   +   141.177836   2.852164   0.002699   0.032929   

185.8585   1   +   350.5085   2   +   300.0050   3   +   141.177836   2.852164   0.002699   0.032929   

185.8585   1   +   350.5085   2   +   300.0050   3   +   141.177836   2.852164   0.002699   0.032929   

185.8585   1   +   350.5085   2   +   300.0050   3   +   141.177836   2.852164   0.002699   0.032929   

185.8585   1   +   350.5085   2   +   300.0050   3   +   141.177836   2.852164   0.002699   0.032929   

185.8585   1   +   350.5085   2   +   300.0050   3   +   141.177836   2.852164   0.002699   0.032929   

185.8585   1   +   350.5085   2   +   300.0050   3   +   141.177836   2.852164   0.002699   0.032929   

185.8585   1   +   350.5085   2   +   300.0050   3   +   141.177836   2.852164   0.002699   0.032929   

185.8585   1   +   350.5085   2   +   300.0050   3   +   141.177836   2.852164   0.002699   0.032929   

185.8585   1   +   350.5085   2   +   300.0050   3   +   141.177836   2.852164   0.002699   0.032929   

185.8585   1   +   350.5085   2   +   300.0050   3   +   141.177836   2.852164   0.002699   0.032929   

185.8585   1   +   350.5085   2   +   300.0050   3   +   141.177836   2.852164   0.002699   0.032929   

185.8585   1   +   350.5085   2   +   300.0050   3   +   141.177836   2.852164   0.002699   0.032929   

185.8585   1   +   350.5085   2   +   300.0050   3   +   141.177836   2.852164   0.002699   0.032929   

185.8585   1   +   350.5085   2   +   300.0050   3   +   141.177836   2.852164   0.002699   0.032929   

185.8585   1   +   350.5085   2   +   300.0050   3   +   141.177836   2.852164   0.002699   0.032929   

185.8585   1   +   350.5085   2   +   300.0050   3   +   141.177836   2.852164   0.002699   0.032929   

185.8585   1   +   350.5085   2   +   300.0050   3   +   141.177836   2.852164   0.002699   0.032929   

185.8585   1   +   350.5085   2   +   300.0050   3   +   141.177836   2.852164   0.002699   0.032929   

185.8585   1   +   350.5085   2   +   300.0050   3   +   141.177836   2.852164   0.002699   0.032929   

188.8888   1   +   356.5688   2   +   360.6056   3   +   141.177836   6.455764   0.005922   0.072251   

188.8888   1   +   356.5688   2   +   360.6056   3   +   141.177836   6.455764   0.005922   0.072251   

188.8888   1   +   356.5688   2   +   360.6056   3   +   141.177836   6.455764   0.005922   0.072251   

188.8888   1   +   356.5688   2   +   360.6056   3   +   141.177836   6.455764   0.005922   0.072251   

188.8888   1   +   356.5688   2   +   360.6056   3   +   141.177836   6.455764   0.005922   0.072251   

188.8888   1   +   356.5688   2   +   360.6056   3   +   141.177836   6.455764   0.005922   0.072251   

188.8888   1   +   356.5688   2   +   360.6056   3   +   141.177836   6.455764   0.005922   0.072251   

188.8888   1   +   356.5688   2   +   360.6056   3   +   141.177836   6.455764   0.005922   0.072251   

188.8888   1   +   356.5688   2   +   360.6056   3   +   141.177836   6.455764   0.005922   0.072251   

188.8888   1   +   356.5688   2   +   360.6056   3   +   141.177836   6.455764   0.005922   0.072251   

188.8888   1   +   356.5688   2   +   360.6056   3   +   141.177836   6.455764   0.005922   0.072251   

188.8888   1   +   356.5688   2   +   360.6056   3   +   141.177836   6.455764   0.005922   0.072251   

188.8888   1   +   356.5688   2   +   360.6056   3   +   141.177836   6.455764   0.005922   0.072251   

188.8888   1   +   356.5688   2   +   360.6056   3   +   141.177836   6.455764   0.005922   0.072251   

188.8888   1   +   356.5688   2   +   360.6056   3   +   141.177836   6.455764   0.005922   0.072251   

188.8888   1   +   356.5688   2   +   360.6056   3   +   141.177836   6.455764   0.005922   0.072251   

188.8888   1   +   356.5688   2   +   360.6056   3   +   141.177836   6.455764   0.005922   0.072251   

188.8888   1   +   356.5688   2   +   360.6056   3   +   141.177836   6.455764   0.005922   0.072251   

188.8888   1   +   356.5688   2   +   360.6056   3   +   141.177836   6.455764   0.005922   0.072251   

188.8888   1   +   356.5688   2   +   360.6056   3   +   141.177836   6.455764   0.005922   0.072251   

188.8888   1   +   356.5688   2   +   360.6056   3   +   141.177836   6.455764   0.005922   0.072251   

188.8888   1   +   356.5688   2   +   360.6056   3   +   141.177836   6.455764   0.005922   0.072251   

188.8888   1   +   356.5688   2   +   360.6056   3   +   141.177836   6.455764   0.005922   0.072251   

188.8888   1   +   356.5688   2   +   360.6056   3   +   141.177836   6.455764   0.005922   0.072251   

191.9191   1   +   362.6291   2   +   020.2062   3   +   141.189403   4.047797   0.363901   4.439591   

191.9191   1   +   362.6291   2   +   020.2062   3   +   141.189403   4.047797   0.363901   4.439591   

191.9191   1   +   362.6291   2   +   020.2062   3   +   141.189403   4.047797   0.363901   4.439591   

191.9191   1   +   362.6291   2   +   020.2062   3   +   141.189403   4.047797   0.363901   4.439591   

191.9191   1   +   362.6291   2   +   020.2062   3   +   141.189403   4.047797   0.363901   4.439591   

191.9191   1   +   362.6291   2   +   020.2062   3   +   141.189403   4.047797   0.363901   4.439591   

191.9191   1   +   362.6291   2   +   020.2062   3   +   141.189403   4.047797   0.363901   4.439591   

191.9191   1   +   362.6291   2   +   020.2062   3   +   141.189403   4.047797   0.363901   4.439591   

191.9191   1   +   362.6291   2   +   020.2062   3   +   141.189403   4.047797   0.363901   4.439591   

191.9191   1   +   362.6291   2   +   020.2062   3   +   141.189403   4.047797   0.363901   4.439591   

191.9191   1   +   362.6291   2   +   020.2062   3   +   141.189403   4.047797   0.363901   4.439591   

191.9191   1   +   362.6291   2   +   020.2062   3   +   141.189403   4.047797   0.363901   4.439591   

193.9393   1   +   002.0293   2   +   060.6002   3   +   141.189403   4.047797   0.363901   4.439591   

193.9393   1   +   002.0293   2   +   060.6002   3   +   141.189403   4.047797   0.363901   4.439591   

193.9393   1   +   002.0293   2   +   060.6002   3   +   141.189403   4.047797   0.363901   4.439591   

193.9393   1   +   002.0293   2   +   060.6002   3   +   141.189403   4.047797   0.363901   4.439591   

193.9393   1   +   002.0293   2   +   060.6002   3   +   141.189403   4.047797   0.363901   4.439591   

193.9393   1   +   002.0293   2   +   060.6002   3   +   141.189403   4.047797   0.363901   4.439591   

193.9393   1   +   002.0293   2   +   060.6002   3   +   141.189403   4.047797   0.363901   4.439591   

193.9393   1   +   002.0293   2   +   060.6002   3   +   141.189403   4.047797   0.363901   4.439591   

193.9393   1   +   002.0293   2   +   060.6002   3   +   141.189403   4.047797   0.363901   4.439591   

193.9393   1   +   002.0293   2   +   060.6002   3   +   141.189403   4.047797   0.363901   4.439591   

193.9393   1   +   002.0293   2   +   060.6002   3   +   141.189403   4.047797   0.363901   4.439591   

194.9494   1   +   004.0494   2   +   080.8004   3   +   141.120000   7.682400   0.172664   2.106499   

194.9494   1   +   004.0494   2   +   080.8004   3   +   141.120000   7.682400   0.172664   2.106499   

194.9494   1   +   004.0494   2   +   080.8004   3   +   141.120000   7.682400   0.172664   2.106499   

194.9494   1   +   004.0494   2   +   080.8004   3   +   141.120000   7.682400   0.172664   2.106499   

194.9494   1   +   004.0494   2   +   080.8004   3   +   141.120000   7.682400   0.172664   2.106499   

194.9494   1   +   004.0494   2   +   080.8004   3   +   141.120000   7.682400   0.172664   2.106499   

194.9494   1   +   004.0494   2   +   080.8004   3   +   141.120000   7.682400   0.172664   2.106499   

194.9494   1   +   004.0494   2   +   080.8004   3   +   141.120000   7.682400   0.172664   2.106499   

194.9494   1   +   004.0494   2   +   080.8004   3   +   141.120000   7.682400   0.172664   2.106499   

194.9494   1   +   004.0494   2   +   080.8004   3   +   141.120000   7.682400   0.172664   2.106499   

194.9494   1   +   004.0494   2   +   080.8004   3   +   141.120000   7.682400   0.172664   2.106499   

194.9494   1   +   004.0494   2   +   080.8004   3   +   141.120000   7.682400   0.172664   2.106499   

196.9696   1   +   008.0896   2   +   120.2008   3   +   141.120000   6.243360   0.093547   1.141278   

196.9696   1   +   008.0896   2   +   120.2008   3   +   141.120000   6.243360   0.093547   1.141278   

196.9696   1   +   008.0896   2   +   120.2008   3   +   141.120000   6.243360   0.093547   1.141278   

196.9696   1   +   008.0896   2   +   120.2008   3   +   141.120000   6.243360   0.093547   1.141278   

196.9696   1   +   008.0896   2   +   120.2008   3   +   141.120000   6.243360   0.093547   1.141278   

196.9696   1   +   008.0896   2   +   120.2008   3   +   141.120000   6.243360   0.093547   1.141278   

196.9696   1   +   008.0896   2   +   120.2008   3   +   141.120000   6.243360   0.093547   1.141278   

196.9696   1   +   008.0896   2   +   120.2008   3   +   141.120000   6.243360   0.093547   1.141278   

196.9696   1   +   008.0896   2   +   120.2008   3   +   141.120000   6.243360   0.093547   1.141278   

196.9696   1   +   008.0896   2   +   120.2008   3   +   141.120000   6.243360   0.093547   1.141278   

196.9696   1   +   008.0896   2   +   120.2008   3   +   141.120000   6.243360   0.093547   1.141278   

196.9696   1   +   008.0896   2   +   120.2008   3   +   141.120000   6.243360   0.093547   1.141278   

196.9696   1   +   008.0896   2   +   120.2008   3   +   141.120000   6.243360   0.093547   1.141278   

196.9696   1   +   008.0896   2   +   120.2008   3   +   141.120000   6.243360   0.093547   1.141278   

196.9696   1   +   008.0896   2   +   120.2008   3   +   141.120000   6.243360   0.093547   1.141278   

196.9696   1   +   008.0896   2   +   120.2008   3   +   141.120000   6.243360   0.093547   1.141278   

196.9696   1   +   008.0896   2   +   120.2008   3   +   141.120000   6.243360   0.093547   1.141278   

196.9696   1   +   008.0896   2   +   120.2008   3   +   141.120000   6.243360   0.093547   1.141278   

196.9696   1   +   008.0896   2   +   120.2008   3   +   141.120000   6.243360   0.093547   1.141278   

196.9696   1   +   008.0896   2   +   120.2008   3   +   141.120000   6.243360   0.093547   1.141278   

196.9696   1   +   008.0896   2   +   120.2008   3   +   141.120000   6.243360   0.093547   1.141278   

196.9696   1   +   008.0896   2   +   120.2008   3   +   141.120000   6.243360   0.093547   1.141278   

196.9696   1   +   008.0896   2   +   120.2008   3   +   141.120000   6.243360   0.093547   1.141278   

196.9696   1   +   008.0896   2   +   120.2008   3   +   141.120000   6.243360   0.093547   1.141278   

199.9999   1   +   014.1499   2   +   180.8014   3   +   141.120000   6.243360   0.093547   1.141278   

199.9999   1   +   014.1499   2   +   180.8014   3   +   141.120000   6.243360   0.093547   1.141278   

199.9999   1   +   014.1499   2   +   180.8014   3   +   141.120000   6.243360   0.093547   1.141278   

199.9999   1   +   014.1499   2   +   180.8014   3   +   141.120000   6.243360   0.093547   1.141278   

199.9999   1   +   014.1499   2   +   180.8014   3   +   141.120000   6.243360   0.093547   1.141278   

199.9999   1   +   014.1499   2   +   180.8014   3   +   141.120000   6.243360   0.093547   1.141278   

199.9999   1   +   014.1499   2   +   180.8014   3   +   141.120000   6.243360   0.093547   1.141278   

199.9999   1   +   014.1499   2   +   180.8014   3   +   141.120000   6.243360   0.093547   1.141278   

199.9999   1   +   014.1499   2   +   180.8014   3   +   141.120000   6.243360   0.093547   1.141278   

199.9999   1   +   014.1499   2   +   180.8014   3   +   141.120000   6.243360   0.093547   1.141278   

199.9999   1   +   014.1499   2   +   180.8014   3   +   141.120000   6.243360   0.093547   1.141278   

199.9999   1   +   014.1499   2   +   180.8014   3   +   141.120000   6.243360   0.093547   1.141278   

199.9999   1   +   014.1499   2   +   180.8014   3   +   141.120000   6.243360   0.093547   1.141278   

199.9999   1   +   014.1499   2   +   180.8014   3   +   141.120000   6.243360   0.093547   1.141278   

199.9999   1   +   014.1499   2   +   180.8014   3   +   141.120000   6.243360   0.093547   1.141278   

199.9999   1   +   014.1499   2   +   180.8014   3   +   141.120000   6.243360   0.093547   1.141278   

199.9999   1   +   014.1499   2   +   180.8014   3   +   141.120000   6.243360   0.093547   1.141278   

199.9999   1   +   014.1499   2   +   180.8014   3   +   141.120000   6.243360   0.093547   1.141278   

199.9999   1   +   014.1499   2   +   180.8014   3   +   141.120000   6.243360   0.093547   1.141278   

199.9999   1   +   014.1499   2   +   180.8014   3   +   141.120000   6.243360   0.093547   1.141278   

199.9999   1   +   014.1499   2   +   180.8014   3   +   141.120000   6.243360   0.093547   1.141278   

199.9999   1   +   014.1499   2   +   180.8014   3   +   141.120000   6.243360   0.093547   1.141278   

199.9999   1   +   014.1499   2   +   180.8014   3   +   141.120000   6.243360   0.093547   1.141278   

199.9999   1   +   014.1499   2   +   180.8014   3   +   141.120000   6.243360   0.093547   1.141278   

202.0202   1   +   020.2002   2   +   240.4020   3   +   141.135037   6.954443   0.052101   0.635631   

202.0202   1   +   020.2002   2   +   240.4020   3   +   141.135037   6.954443   0.052101   0.635631   

202.0202   1   +   020.2002   2   +   240.4020   3   +   141.135037   6.954443   0.052101   0.635631   

202.0202   1   +   020.2002   2   +   240.4020   3   +   141.135037   6.954443   0.052101   0.635631   

202.0202   1   +   020.2002   2   +   240.4020   3   +   141.135037   6.954443   0.052101   0.635631   

202.0202   1   +   020.2002   2   +   240.4020   3   +   141.135037   6.954443   0.052101   0.635631   

202.0202   1   +   020.2002   2   +   240.4020   3   +   141.135037   6.954443   0.052101   0.635631   

202.0202   1   +   020.2002   2   +   240.4020   3   +   141.135037   6.954443   0.052101   0.635631   

202.0202   1   +   020.2002   2   +   240.4020   3   +   141.135037   6.954443   0.052101   0.635631   

202.0202   1   +   020.2002   2   +   240.4020   3   +   141.135037   6.954443   0.052101   0.635631   

202.0202   1   +   020.2002   2   +   240.4020   3   +   141.135037   6.954443   0.052101   0.635631   

202.0202   1   +   020.2002   2   +   240.4020   3   +   141.135037   6.954443   0.052101   0.635631   

202.0202   1   +   020.2002   2   +   240.4020   3   +   141.135037   6.954443   0.052101   0.635631   

202.0202   1   +   020.2002   2   +   240.4020   3   +   141.135037   6.954443   0.052101   0.635631   

202.0202   1   +   020.2002   2   +   240.4020   3   +   141.135037   6.954443   0.052101   0.635631   

202.0202   1   +   020.2002   2   +   240.4020   3   +   141.135037   6.954443   0.052101   0.635631   

202.0202   1   +   020.2002   2   +   240.4020   3   +   141.135037   6.954443   0.052101   0.635631   

202.0202   1   +   020.2002   2   +   240.4020   3   +   141.135037   6.954443   0.052101   0.635631   

202.0202   1   +   020.2002   2   +   240.4020   3   +   141.135037   6.954443   0.052101   0.635631   

202.0202   1   +   020.2002   2   +   240.4020   3   +   141.135037   6.954443   0.052101   0.635631   

202.0202   1   +   020.2002   2   +   240.4020   3   +   141.135037   6.954443   0.052101   0.635631   

202.0202   1   +   020.2002   2   +   240.4020   3   +   141.135037   6.954443   0.052101   0.635631   

202.0202   1   +   020.2002   2   +   240.4020   3   +   141.135037   6.954443   0.052101   0.635631   

202.0202   1   +   020.2002   2   +   240.4020   3   +   141.135037   6.954443   0.052101   0.635631   

205.0505   1   +   026.2605   2   +   300.0026   3   +   141.143134   2.872466   0.017216   0.210033   

205.0505   1   +   026.2605   2   +   300.0026   3   +   141.143134   2.872466   0.017216   0.210033   

205.0505   1   +   026.2605   2   +   300.0026   3   +   141.143134   2.872466   0.017216   0.210033   

205.0505   1   +   026.2605   2   +   300.0026   3   +   141.143134   2.872466   0.017216   0.210033   

205.0505   1   +   026.2605   2   +   300.0026   3   +   141.143134   2.872466   0.017216   0.210033   

205.0505   1   +   026.2605   2   +   300.0026   3   +   141.143134   2.872466   0.017216   0.210033   

205.0505   1   +   026.2605   2   +   300.0026   3   +   141.143134   2.872466   0.017216   0.210033   

205.0505   1   +   026.2605   2   +   300.0026   3   +   141.143134   2.872466   0.017216   0.210033   

205.0505   1   +   026.2605   2   +   300.0026   3   +   141.143134   2.872466   0.017216   0.210033   

205.0505   1   +   026.2605   2   +   300.0026   3   +   141.143134   2.872466   0.017216   0.210033   

205.0505   1   +   026.2605   2   +   300.0026   3   +   141.143134   2.872466   0.017216   0.210033   

205.0505   1   +   026.2605   2   +   300.0026   3   +   141.143134   2.872466   0.017216   0.210033   

205.0505   1   +   026.2605   2   +   300.0026   3   +   141.143134   2.872466   0.017216   0.210033   

205.0505   1   +   026.2605   2   +   300.0026   3   +   141.143134   2.872466   0.017216   0.210033   

205.0505   1   +   026.2605   2   +   300.0026   3   +   141.143134   2.872466   0.017216   0.210033   

205.0505   1   +   026.2605   2   +   300.0026   3   +   141.143134   2.872466   0.017216   0.210033   

205.0505   1   +   026.2605   2   +   300.0026   3   +   141.143134   2.872466   0.017216   0.210033   

205.0505   1   +   026.2605   2   +   300.0026   3   +   141.143134   2.872466   0.017216   0.210033   

205.0505   1   +   026.2605   2   +   300.0026   3   +   141.143134   2.872466   0.017216   0.210033   

205.0505   1   +   026.2605   2   +   300.0026   3   +   141.143134   2.872466   0.017216   0.210033   

205.0505   1   +   026.2605   2   +   300.0026   3   +   141.143134   2.872466   0.017216   0.210033   

205.0505   1   +   026.2605   2   +   300.0026   3   +   141.143134   2.872466   0.017216   0.210033   

205.0505   1   +   026.2605   2   +   300.0026   3   +   141.143134   2.872466   0.017216   0.210033   

205.0505   1   +   026.2605   2   +   300.0026   3   +   141.143134   2.872466   0.017216   0.210033   

205.0505   1   +   026.2605   2   +   300.0026   3   +   141.143134   2.872466   0.017216   0.210033   

208.0808   1   +   032.3208   2   +   360.6032   3   +   141.154702   6.464498   0.032287   0.393901   

208.0808   1   +   032.3208   2   +   360.6032   3   +   141.154702   6.464498   0.032287   0.393901   

208.0808   1   +   032.3208   2   +   360.6032   3   +   141.154702   6.464498   0.032287   0.393901   

208.0808   1   +   032.3208   2   +   360.6032   3   +   141.154702   6.464498   0.032287   0.393901   

208.0808   1   +   032.3208   2   +   360.6032   3   +   141.154702   6.464498   0.032287   0.393901   

208.0808   1   +   032.3208   2   +   360.6032   3   +   141.154702   6.464498   0.032287   0.393901   

208.0808   1   +   032.3208   2   +   360.6032   3   +   141.154702   6.464498   0.032287   0.393901   

208.0808   1   +   032.3208   2   +   360.6032   3   +   141.154702   6.464498   0.032287   0.393901   

208.0808   1   +   032.3208   2   +   360.6032   3   +   141.154702   6.464498   0.032287   0.393901   

208.0808   1   +   032.3208   2   +   360.6032   3   +   141.154702   6.464498   0.032287   0.393901   

208.0808   1   +   032.3208   2   +   360.6032   3   +   141.154702   6.464498   0.032287   0.393901   

208.0808   1   +   032.3208   2   +   360.6032   3   +   141.154702   6.464498   0.032287   0.393901   

208.0808   1   +   032.3208   2   +   360.6032   3   +   141.154702   6.464498   0.032287   0.393901   

208.0808   1   +   032.3208   2   +   360.6032   3   +   141.154702   6.464498   0.032287   0.393901   

208.0808   1   +   032.3208   2   +   360.6032   3   +   141.154702   6.464498   0.032287   0.393901   

208.0808   1   +   032.3208   2   +   360.6032   3   +   141.154702   6.464498   0.032287   0.393901   

208.0808   1   +   032.3208   2   +   360.6032   3   +   141.154702   6.464498   0.032287   0.393901   

208.0808   1   +   032.3208   2   +   360.6032   3   +   141.154702   6.464498   0.032287   0.393901   

208.0808   1   +   032.3208   2   +   360.6032   3   +   141.154702   6.464498   0.032287   0.393901   

208.0808   1   +   032.3208   2   +   360.6032   3   +   141.154702   6.464498   0.032287   0.393901   

208.0808   1   +   032.3208   2   +   360.6032   3   +   141.154702   6.464498   0.032287   0.393901   

208.0808   1   +   032.3208   2   +   360.6032   3   +   141.154702   6.464498   0.032287   0.393901   

208.0808   1   +   032.3208   2   +   360.6032   3   +   141.154702   6.464498   0.032287   0.393901   

208.0808   1   +   032.3208   2   +   360.6032   3   +   141.154702   6.464498   0.032287   0.393901   
电机/圆感应   象限   正反转   圆感应   象限   正反转   编码器   象限   正反转   力矩系数   启动电压   反电动势   滑行时间   堵转力矩   电机电流   
多极旋变   象限   正反转   圆感应   象限   正反转   编码器   象限   正反转   启动电压   反电动势   力矩系数   堵转力矩   电机电流   滑行时间   转速   
多极旋变   象限   正反转   圆感应   象限   正反转   编码器   象限   正反转   启动电压   反电动势   力矩系数   堵转力矩   电机电流   滑行时间   转速   
多极旋变   象限   正反转   圆感应   象限   正反转   编码器   象限   正反转   启动电压   反电动势   力矩系数   堵转力矩   电机电流   滑行时间   转速   
多极旋变   象限   正反转   圆感应   象限   正反转   编码器   象限   正反转   启动电压   反电动势   力矩系数   堵转力矩   电机电流   滑行时间   转速   
多极旋变   象限   正反转   圆感应   象限   正反转   编码器   象限   正反转   启动电压   反电动势   力矩系数   堵转力矩   电机电流   滑行时间   转速   
